File created automatically by script spectrum_reduce.py on 2020-21-18T20:01:58Z
Wav(um) Flux(10W/m/cm2) Error(W/m2)
1.9700e+00 3.0681e-04 1.2347e-03
1.9703e+00 2.7818e-03 9.9562e-04
1.9705e+00 3.4002e-04 7.6044e-04
1.9708e+00 1.7600e-04 1.1015e-03
1.9711e+00 2.5840e-04 1.2397e-03
1.9713e+00 -2.3254e-05 1.0904e-03
1.9716e+00 1.2162e-04 1.1147e-03
1.9719e+00 -6.1999e-06 1.8233e-03
1.9721e+00 1.1371e-04 8.5422e-04
1.9724e+00 2.7288e-04 8.3236e-04
1.9726e+00 1.9406e-04 5.7610e-04
1.9729e+00 1.3247e-04 5.6328e-04
1.9732e+00 5.5087e-05 5.7916e-04
1.9734e+00 1.5096e-04 4.9262e-04
1.9737e+00 2.1207e-04 5.2747e-04
1.9740e+00 7.5045e-04 6.1625e-04
1.9742e+00 6.2545e-04 1.1736e-03
1.9745e+00 1.9488e-04 5.4477e-04
1.9748e+00 2.3125e-04 4.2484e-04
1.9750e+00 1.3020e-04 3.5832e-04
1.9753e+00 1.9717e-04 3.9670e-04
1.9756e+00 1.6160e-04 4.9303e-04
1.9758e+00 2.0815e-04 3.9936e-04
1.9761e+00 6.2505e-05 3.8744e-04
1.9763e+00 1.4599e-04 3.2396e-04
1.9766e+00 1.6677e-04 2.8926e-04
1.9769e+00 2.1671e-04 2.7835e-04
1.9771e+00 2.2736e-04 3.1125e-04
1.9774e+00 2.2125e-04 2.7814e-04
1.9777e+00 2.3460e-04 2.8746e-04
1.9779e+00 1.6572e-04 2.7010e-04
1.9782e+00 1.8179e-04 2.5123e-04
1.9785e+00 1.5894e-04 3.7640e-04
1.9787e+00 2.1960e-04 2.4121e-04
1.9790e+00 1.5236e-04 2.7381e-04
1.9793e+00 1.5319e-04 2.3255e-04
1.9795e+00 2.5536e-04 2.5471e-04
1.9798e+00 1.2379e-04 3.9250e-04
1.9800e+00 8.9401e-05 3.6809e-04
1.9803e+00 2.5717e-04 3.0058e-04
1.9806e+00 2.1662e-04 3.1357e-04
1.9808e+00 2.2258e-04 2.3929e-04
1.9811e+00 1.9801e-04 1.9027e-04
1.9814e+00 2.9405e-04 2.3838e-04
1.9816e+00 2.1510e-04 1.8839e-04
1.9819e+00 1.7544e-04 1.8960e-04
1.9822e+00 2.3341e-04 1.8064e-04
1.9824e+00 2.3586e-04 1.7999e-04
1.9827e+00 1.8374e-04 1.9106e-04
1.9830e+00 1.9547e-04 2.3409e-04
1.9832e+00 2.6684e-04 2.0073e-04
1.9835e+00 1.9476e-04 2.0732e-04
1.9837e+00 1.6584e-04 2.0277e-04
1.9840e+00 1.5547e-04 1.9344e-04
1.9843e+00 2.0888e-04 1.7314e-04
1.9845e+00 1.8280e-04 1.6332e-04
1.9848e+00 2.0041e-04 1.7135e-04
1.9851e+00 1.4564e-04 3.0031e-04
1.9853e+00 1.0885e-04 1.8480e-04
1.9856e+00 1.8589e-04 1.7027e-04
1.9859e+00 1.7723e-04 1.5365e-04
1.9861e+00 1.9850e-04 1.5159e-04
1.9864e+00 2.0492e-04 1.4898e-04
1.9867e+00 2.8780e-04 2.9033e-04
1.9869e+00 2.8232e-04 2.6368e-04
1.9872e+00 2.9923e-04 2.5187e-04
1.9874e+00 2.1807e-04 1.7725e-04
1.9877e+00 1.4131e-04 1.7427e-04
1.9880e+00 2.0183e-04 1.5385e-04
1.9882e+00 2.3567e-04 1.5489e-04
1.9885e+00 1.9772e-04 1.5318e-04
1.9888e+00 1.9354e-04 1.5365e-04
1.9890e+00 2.2656e-04 3.0770e-04
1.9893e+00 2.3671e-04 1.6541e-04
1.9896e+00 2.0687e-04 1.5797e-04
1.9898e+00 2.1434e-04 1.7841e-04
1.9901e+00 1.0398e-04 2.2847e-04
1.9904e+00 1.5582e-04 2.0913e-04
1.9906e+00 1.8839e-04 1.8462e-04
1.9909e+00 1.8016e-04 1.7742e-04
1.9911e+00 2.2433e-04 1.4987e-04
1.9914e+00 2.1768e-04 1.3908e-04
1.9917e+00 2.3862e-04 1.7081e-04
1.9919e+00 2.2580e-04 2.2591e-04
1.9922e+00 1.4667e-04 1.5495e-04
1.9925e+00 1.6625e-04 1.4937e-04
1.9927e+00 1.9205e-04 1.4842e-04
1.9930e+00 1.5693e-04 2.6503e-04
1.9933e+00 2.1282e-04 1.7065e-04
1.9935e+00 2.2427e-04 2.4087e-04
1.9938e+00 2.3149e-04 1.5159e-04
1.9941e+00 2.5465e-04 1.9195e-04
1.9943e+00 1.8867e-04 2.0809e-04
1.9946e+00 2.3023e-04 2.1328e-04
1.9948e+00 2.7795e-04 1.5582e-04
1.9951e+00 2.4974e-04 1.5322e-04
1.9954e+00 1.5837e-04 1.6892e-04
1.9956e+00 1.3356e-04 2.0182e-04
1.9959e+00 1.8541e-04 1.6929e-04
1.9962e+00 2.1913e-04 1.5861e-04
1.9964e+00 1.5505e-04 1.7337e-04
1.9967e+00 1.8772e-04 2.0419e-04
1.9970e+00 1.9938e-04 2.0566e-04
1.9972e+00 1.8901e-04 1.9340e-04
1.9975e+00 1.6850e-04 1.9289e-04
1.9978e+00 1.1997e-04 2.1849e-04
1.9980e+00 1.2329e-04 2.5546e-04
1.9983e+00 1.7766e-04 3.0040e-04
1.9985e+00 2.5003e-04 2.6705e-04
1.9988e+00 1.8688e-04 2.3522e-04
1.9991e+00 2.4977e-04 2.6613e-04
1.9993e+00 2.2192e-04 3.5037e-04
1.9996e+00 2.9041e-04 3.0067e-04
1.9999e+00 1.5692e-04 3.3241e-04
2.0001e+00 1.1846e-04 3.5466e-04
2.0004e+00 1.8601e-04 3.0862e-04
2.0007e+00 2.4748e-04 3.7800e-04
2.0009e+00 3.2353e-04 4.0553e-04
2.0012e+00 3.3426e-04 4.3427e-04
2.0015e+00 1.6560e-04 4.4100e-04
2.0017e+00 1.8694e-04 4.1089e-04
2.0020e+00 1.5238e-04 5.0034e-04
2.0022e+00 2.6914e-04 4.7941e-04
2.0025e+00 1.5585e-04 5.9514e-04
2.0028e+00 1.4644e-04 6.3385e-04
2.0030e+00 1.5869e-04 7.3019e-04
2.0033e+00 2.0389e-04 4.9651e-04
2.0036e+00 2.8339e-04 9.1317e-04
2.0038e+00 1.0647e-04 5.4334e-04
2.0041e+00 3.6057e-04 5.6235e-04
2.0044e+00 1.7538e-04 5.0741e-04
2.0046e+00 3.5981e-04 5.7040e-04
2.0049e+00 2.7792e-04 5.3697e-04
2.0052e+00 7.3157e-05 6.1718e-04
2.0054e+00 3.0245e-04 5.5790e-04
2.0057e+00 4.2708e-04 8.0669e-04
2.0059e+00 1.3616e-04 5.7290e-04
2.0062e+00 2.3331e-04 6.8627e-04
2.0065e+00 1.3445e-04 3.7527e-04
2.0067e+00 1.9831e-04 4.4711e-04
2.0070e+00 1.8847e-04 3.4350e-04
2.0073e+00 2.2239e-04 3.7474e-04
2.0075e+00 1.4960e-04 3.1482e-04
2.0078e+00 8.7652e-05 3.0803e-04
2.0081e+00 1.2875e-04 3.3885e-04
2.0083e+00 1.8479e-04 2.5676e-04
2.0086e+00 1.8952e-04 3.4758e-04
2.0089e+00 1.7602e-04 2.5749e-04
2.0091e+00 1.8216e-04 1.9410e-04
2.0094e+00 2.1236e-04 2.4083e-04
2.0096e+00 1.5895e-04 3.2909e-04
2.0099e+00 2.2405e-04 2.5358e-04
2.0102e+00 2.1267e-04 3.7796e-04
2.0104e+00 1.6020e-04 2.8930e-04
2.0107e+00 1.3499e-04 3.6289e-04
2.0110e+00 1.5626e-04 3.7802e-04
2.0112e+00 1.7361e-04 3.1291e-04
2.0115e+00 1.4083e-04 4.2118e-04
2.0118e+00 1.7940e-04 2.9391e-04
2.0120e+00 6.6019e-06 3.5110e-04
2.0123e+00 -6.5291e-04 6.7314e-04
2.0126e+00 -1.4957e-04 3.0021e-04
2.0128e+00 1.8733e-04 4.3420e-04
2.0131e+00 2.7529e-04 3.4979e-04
2.0133e+00 1.2136e-04 3.1318e-04
2.0136e+00 1.2042e-04 4.4294e-04
2.0139e+00 2.0442e-04 2.8870e-04
2.0141e+00 1.9795e-04 3.5229e-04
2.0144e+00 2.1924e-04 4.5266e-04
2.0147e+00 2.6425e-04 4.4486e-04
2.0149e+00 3.0015e-05 4.1964e-04
2.0152e+00 1.1751e-04 3.4178e-04
2.0155e+00 1.9861e-04 3.0753e-04
2.0157e+00 1.9328e-04 4.5537e-04
2.0160e+00 2.4647e-04 3.7520e-04
2.0163e+00 2.0272e-04 2.6928e-04
2.0165e+00 2.0383e-04 3.9107e-04
2.0168e+00 2.5408e-04 4.0723e-04
2.0170e+00 1.6364e-04 3.0023e-04
2.0173e+00 2.1847e-04 4.2390e-04
2.0176e+00 1.8506e-04 2.5772e-04
2.0178e+00 1.8323e-04 2.8895e-04
2.0181e+00 2.7695e-04 4.3342e-04
2.0184e+00 2.7659e-04 3.1629e-04
2.0186e+00 1.1492e-04 2.4606e-04
2.0189e+00 -6.4446e-05 4.0718e-04
2.0192e+00 1.9049e-04 2.2336e-04
2.0194e+00 2.2028e-04 2.1249e-04
2.0197e+00 3.1227e-04 2.8269e-04
2.0200e+00 1.8834e-04 2.0946e-04
2.0202e+00 1.4019e-04 1.8945e-04
2.0205e+00 2.3713e-04 2.4680e-04
2.0207e+00 1.5259e-04 2.3360e-04
2.0210e+00 2.1778e-04 2.0056e-04
2.0213e+00 1.7733e-04 2.8924e-04
2.0215e+00 2.9285e-04 2.1553e-04
2.0218e+00 2.0618e-04 1.7194e-04
2.0221e+00 1.4422e-04 2.5591e-04
2.0223e+00 9.9437e-05 2.0992e-04
2.0226e+00 1.5542e-04 1.5621e-04
2.0229e+00 2.0984e-04 1.8550e-04
2.0231e+00 1.3858e-04 2.4259e-04
2.0234e+00 2.2332e-04 2.0017e-04
2.0237e+00 2.1811e-04 3.1395e-04
2.0239e+00 2.4489e-04 1.9973e-04
2.0242e+00 1.9985e-04 1.7372e-04
2.0244e+00 2.2909e-04 1.5925e-04
2.0247e+00 1.9771e-04 1.9166e-04
2.0250e+00 1.6666e-04 2.1642e-04
2.0252e+00 1.5582e-04 1.8125e-04
2.0255e+00 1.9732e-04 1.7403e-04
2.0258e+00 1.2391e-04 1.7844e-04
2.0260e+00 2.1583e-04 1.6429e-04
2.0263e+00 1.7707e-04 1.5163e-04
2.0266e+00 1.5139e-04 1.6328e-04
2.0268e+00 2.0702e-04 2.6988e-04
2.0271e+00 1.5185e-04 1.4566e-04
2.0274e+00 9.5735e-05 1.5614e-04
2.0276e+00 2.0786e-04 1.5603e-04
2.0279e+00 1.6283e-04 1.4530e-04
2.0281e+00 1.5086e-04 1.5583e-04
2.0284e+00 1.9883e-04 2.0374e-04
2.0287e+00 1.5733e-04 1.6429e-04
2.0289e+00 1.2971e-04 1.4386e-04
2.0292e+00 1.6489e-04 1.4454e-04
2.0295e+00 1.5617e-04 1.5277e-04
2.0297e+00 2.0677e-04 1.9790e-04
2.0300e+00 2.0378e-04 1.5792e-04
2.0303e+00 2.3970e-04 2.2097e-04
2.0305e+00 1.7092e-04 1.4958e-04
2.0308e+00 2.0739e-04 1.4784e-04
2.0311e+00 1.7396e-04 1.4505e-04
2.0313e+00 2.3499e-04 4.2702e-04
2.0316e+00 2.1064e-04 1.4408e-04
2.0318e+00 1.8516e-04 1.3714e-04
2.0321e+00 1.8390e-04 1.5442e-04
2.0324e+00 2.4010e-04 1.4250e-04
2.0326e+00 1.9151e-04 3.3425e-04
2.0329e+00 2.2442e-04 1.3657e-04
2.0332e+00 2.2233e-04 2.2619e-04
2.0334e+00 2.0300e-04 1.5745e-04
2.0337e+00 2.9112e-04 2.1759e-04
2.0340e+00 5.2171e-04 2.3473e-04
2.0342e+00 2.4262e-04 1.4273e-04
2.0345e+00 1.8642e-04 1.4234e-04
2.0348e+00 2.2237e-04 1.4478e-04
2.0350e+00 2.4822e-04 1.7734e-04
2.0353e+00 2.1581e-04 1.4731e-04
2.0355e+00 1.7597e-04 1.4622e-04
2.0358e+00 1.8220e-04 1.3368e-04
2.0361e+00 1.7096e-04 1.4714e-04
2.0363e+00 1.7626e-04 1.7539e-04
2.0366e+00 1.9577e-04 1.3814e-04
2.0369e+00 2.4569e-04 1.3804e-04
2.0371e+00 2.3100e-04 1.3578e-04
2.0374e+00 1.8684e-04 2.2092e-04
2.0377e+00 2.2581e-04 1.4149e-04
2.0379e+00 2.1202e-04 1.5570e-04
2.0382e+00 2.1374e-04 1.5904e-04
2.0385e+00 1.9423e-04 1.4349e-04
2.0387e+00 1.9324e-04 1.4667e-04
2.0390e+00 1.9291e-04 1.5771e-04
2.0392e+00 2.0739e-04 1.4552e-04
2.0395e+00 2.0358e-04 1.4454e-04
2.0398e+00 2.2352e-04 1.5275e-04
2.0400e+00 1.7624e-04 1.7163e-04
2.0403e+00 1.9712e-04 1.5897e-04
2.0406e+00 1.8353e-04 1.5922e-04
2.0408e+00 1.8853e-04 1.7979e-04
2.0411e+00 2.1535e-04 1.5929e-04
2.0414e+00 2.3744e-04 1.4371e-04
2.0416e+00 1.9142e-04 1.6424e-04
2.0419e+00 1.7241e-04 1.3950e-04
2.0422e+00 1.8286e-04 1.5242e-04
2.0424e+00 1.6177e-04 3.3258e-04
2.0427e+00 1.7790e-04 1.7396e-04
2.0429e+00 2.1651e-04 1.5635e-04
2.0432e+00 2.3797e-04 1.3957e-04
2.0435e+00 2.6601e-04 1.4981e-04
2.0437e+00 1.9554e-04 1.5730e-04
2.0440e+00 1.9469e-04 1.5897e-04
2.0443e+00 3.5853e-04 1.5987e-04
2.0445e+00 2.3596e-04 1.6146e-04
2.0448e+00 2.4390e-04 1.5502e-04
2.0451e+00 2.0826e-04 1.6975e-04
2.0453e+00 1.7858e-04 1.8268e-04
2.0456e+00 1.9190e-04 1.4159e-04
2.0459e+00 1.9857e-04 1.4462e-04
2.0461e+00 1.5348e-04 1.5126e-04
2.0464e+00 1.5977e-04 1.5409e-04
2.0466e+00 2.1327e-04 1.5027e-04
2.0469e+00 2.3162e-04 1.5192e-04
2.0472e+00 2.1634e-04 1.6424e-04
2.0474e+00 1.7488e-04 1.6119e-04
2.0477e+00 1.8671e-04 1.6341e-04
2.0480e+00 2.4304e-04 1.7253e-04
2.0482e+00 2.3538e-04 1.8081e-04
2.0485e+00 1.8014e-04 1.7728e-04
2.0488e+00 2.0679e-04 1.8801e-04
2.0490e+00 2.1773e-04 1.7491e-04
2.0493e+00 1.7575e-04 1.8143e-04
2.0496e+00 2.0860e-04 2.0340e-04
2.0498e+00 1.6067e-04 1.8184e-04
2.0501e+00 2.1583e-04 1.9899e-04
2.0503e+00 2.0841e-04 1.9671e-04
2.0506e+00 2.0679e-04 1.8394e-04
2.0509e+00 1.4857e-04 2.1566e-04
2.0511e+00 2.0682e-04 1.8690e-04
2.0514e+00 2.0043e-04 2.0575e-04
2.0517e+00 2.3821e-04 5.6312e-04
2.0519e+00 1.9593e-04 2.3087e-04
2.0522e+00 1.9233e-04 2.8209e-04
2.0525e+00 1.7300e-04 2.1130e-04
2.0527e+00 2.3972e-04 2.3692e-04
2.0530e+00 2.3981e-04 1.9682e-04
2.0533e+00 2.3437e-04 2.3922e-04
2.0535e+00 1.7264e-04 3.2715e-04
2.0538e+00 2.2648e-04 2.9457e-04
2.0540e+00 2.1751e-04 2.1776e-04
2.0543e+00 1.4488e-04 2.3344e-04
2.0546e+00 1.6588e-04 3.6154e-04
2.0548e+00 9.8760e-05 2.2819e-04
2.0551e+00 2.2560e-04 2.4753e-04
2.0554e+00 1.8406e-04 2.5890e-04
2.0556e+00 1.9392e-04 2.4787e-04
2.0559e+00 2.1675e-04 1.9919e-04
2.0562e+00 1.8989e-04 2.7048e-04
2.0564e+00 2.0447e-04 2.0056e-04
2.0567e+00 2.0434e-04 2.4736e-04
2.0570e+00 2.0870e-04 2.1701e-04
2.0572e+00 2.2950e-04 2.1175e-04
2.0575e+00 2.6894e-04 2.2746e-04
2.0577e+00 2.0962e-04 2.0200e-04
2.0580e+00 2.0572e-04 2.2499e-04
2.0583e+00 2.3177e-04 1.9780e-04
2.0585e+00 2.1276e-04 1.9015e-04
2.0588e+00 2.3114e-04 2.1040e-04
2.0591e+00 2.1472e-04 1.7248e-04
2.0593e+00 1.9842e-04 1.8889e-04
2.0596e+00 1.9473e-04 1.6393e-04
2.0599e+00 2.1028e-04 1.5959e-04
2.0601e+00 2.5083e-04 1.5881e-04
2.0604e+00 2.6542e-04 1.8682e-04
2.0607e+00 2.0899e-04 1.9865e-04
2.0609e+00 1.8419e-04 1.7491e-04
2.0612e+00 1.9789e-04 1.7832e-04
2.0614e+00 2.0080e-04 1.8328e-04
2.0617e+00 2.2310e-04 1.8970e-04
2.0620e+00 2.0375e-04 2.3728e-04
2.0622e+00 2.3732e-04 2.2598e-04
2.0625e+00 2.6624e-04 1.8772e-04
2.0628e+00 8.5651e-04 5.8831e-04
2.0630e+00 5.2296e-04 2.5695e-04
2.0633e+00 2.4732e-04 1.8751e-04
2.0636e+00 1.8033e-04 2.2901e-04
2.0638e+00 9.9768e-06 2.1667e-04
2.0641e+00 1.2648e-04 1.7267e-04
2.0644e+00 2.7174e-04 2.2554e-04
2.0646e+00 2.6634e-04 1.9827e-04
2.0649e+00 2.6375e-04 1.8896e-04
2.0651e+00 1.9001e-04 2.4555e-04
2.0654e+00 2.1577e-04 1.7656e-04
2.0657e+00 2.0814e-04 2.0768e-04
2.0659e+00 1.6367e-04 2.2622e-04
2.0662e+00 1.6668e-04 1.8022e-04
2.0665e+00 3.0906e-04 2.5403e-04
2.0667e+00 2.6310e-04 2.3154e-04
2.0670e+00 2.5326e-04 1.7854e-04
2.0673e+00 1.9570e-04 6.2541e-04
2.0675e+00 1.8181e-04 1.6954e-04
2.0678e+00 2.0163e-04 1.7832e-04
2.0681e+00 2.4914e-04 2.1447e-04
2.0683e+00 2.7387e-04 1.6239e-04
2.0686e+00 2.0436e-04 2.3176e-04
2.0688e+00 1.9283e-04 1.8865e-04
2.0691e+00 2.1758e-04 1.7520e-04
2.0694e+00 1.7308e-04 1.8157e-04
2.0696e+00 1.4680e-04 1.8824e-04
2.0699e+00 2.1579e-04 1.6368e-04
2.0702e+00 2.4128e-04 1.9529e-04
2.0704e+00 2.8255e-04 1.8005e-04
2.0707e+00 2.1979e-04 1.7987e-04
2.0710e+00 1.9245e-04 1.9061e-04
2.0712e+00 2.4107e-04 1.9370e-04
2.0715e+00 2.2945e-04 1.5539e-04
2.0718e+00 2.6665e-04 1.9734e-04
2.0720e+00 2.2979e-04 1.7830e-04
2.0723e+00 2.0126e-04 1.5018e-04
2.0725e+00 2.7564e-04 1.7729e-04
2.0728e+00 2.3772e-04 1.6175e-04
2.0731e+00 3.2817e-04 1.6818e-04
2.0733e+00 2.4511e-04 1.7044e-04
2.0736e+00 2.0097e-04 1.6934e-04
2.0739e+00 2.0964e-04 1.5746e-04
2.0741e+00 2.3394e-04 1.6004e-04
2.0744e+00 2.4927e-04 1.8015e-04
2.0747e+00 2.0180e-04 1.6154e-04
2.0749e+00 1.9743e-04 2.1282e-04
2.0752e+00 2.3704e-04 1.6364e-04
2.0755e+00 2.1584e-04 1.6147e-04
2.0757e+00 1.8828e-04 1.5496e-04
2.0760e+00 1.5842e-04 1.6743e-04
2.0762e+00 2.6394e-04 1.4686e-04
2.0765e+00 2.1208e-04 1.8354e-04
2.0768e+00 2.6219e-04 1.9315e-04
2.0770e+00 1.9384e-04 1.5379e-04
2.0773e+00 1.9667e-04 1.4850e-04
2.0776e+00 2.3247e-04 1.6163e-04
2.0778e+00 2.3586e-04 1.4680e-04
2.0781e+00 2.4050e-04 1.4173e-04
2.0784e+00 2.5538e-04 1.4610e-04
2.0786e+00 2.4523e-04 1.4829e-04
2.0789e+00 2.3225e-04 1.3183e-04
2.0792e+00 1.9848e-04 1.8299e-04
2.0794e+00 1.9223e-04 1.3396e-04
2.0797e+00 2.3858e-04 1.5528e-04
2.0799e+00 2.6091e-04 1.3786e-04
2.0802e+00 2.7739e-04 1.5237e-04
2.0805e+00 2.4268e-04 1.4364e-04
2.0807e+00 2.8037e-04 1.3443e-04
2.0810e+00 2.7862e-04 1.2986e-04
2.0813e+00 2.7346e-04 1.4229e-04
2.0815e+00 2.6421e-04 1.3530e-04
2.0818e+00 2.1734e-04 1.3270e-04
2.0821e+00 2.3411e-04 5.8541e-04
2.0823e+00 2.3063e-04 1.4665e-04
2.0826e+00 2.2649e-04 1.5777e-04
2.0829e+00 1.9544e-04 1.9124e-04
2.0831e+00 1.9973e-04 1.3355e-04
2.0834e+00 2.5951e-04 1.3526e-04
2.0836e+00 2.8095e-04 2.0076e-04
2.0839e+00 2.7758e-04 1.5767e-04
2.0842e+00 2.3043e-04 1.4802e-04
2.0844e+00 3.3734e-04 1.4645e-04
2.0847e+00 2.5225e-04 1.4632e-04
2.0850e+00 2.1847e-04 1.6254e-04
2.0852e+00 2.2289e-04 1.3843e-04
2.0855e+00 2.4410e-04 1.4018e-04
2.0858e+00 2.8352e-04 1.5000e-04
2.0860e+00 2.2268e-04 1.3208e-04
2.0863e+00 2.6848e-04 1.4379e-04
2.0866e+00 2.6908e-04 1.3496e-04
2.0868e+00 2.4352e-04 1.5895e-04
2.0871e+00 2.1972e-04 1.5323e-04
2.0873e+00 2.2749e-04 1.3740e-04
2.0876e+00 2.2333e-04 1.3230e-04
2.0879e+00 2.4134e-04 1.6615e-04
2.0881e+00 2.4051e-04 1.3554e-04
2.0884e+00 3.0267e-04 1.5403e-04
2.0887e+00 2.7189e-04 1.3749e-04
2.0889e+00 2.4939e-04 1.3630e-04
2.0892e+00 2.4898e-04 1.4650e-04
2.0895e+00 2.2774e-04 1.4387e-04
2.0897e+00 2.6242e-04 1.3725e-04
2.0900e+00 2.1856e-04 2.2720e-04
2.0903e+00 2.6612e-04 2.1033e-04
2.0905e+00 2.5154e-04 1.2741e-04
2.0908e+00 2.3498e-04 1.8210e-04
2.0910e+00 2.2509e-04 1.3940e-04
2.0913e+00 2.5599e-04 1.3177e-04
2.0916e+00 1.8847e-04 1.4240e-04
2.0918e+00 2.2632e-04 1.4021e-04
2.0921e+00 1.7684e-04 1.3368e-04
2.0924e+00 2.2253e-04 1.4733e-04
2.0926e+00 2.5301e-04 1.4114e-04
2.0929e+00 3.0932e-04 2.1257e-04
2.0932e+00 2.6287e-04 1.3068e-04
2.0934e+00 2.6869e-04 1.6988e-04
2.0937e+00 2.5987e-04 1.3235e-04
2.0940e+00 2.5775e-04 1.5582e-04
2.0942e+00 2.4465e-04 1.4895e-04
2.0945e+00 2.8007e-04 1.3038e-04
2.0947e+00 2.0831e-04 1.4034e-04
2.0950e+00 2.2681e-04 1.4114e-04
2.0953e+00 2.3162e-04 1.2623e-04
2.0955e+00 2.3667e-04 1.3872e-04
2.0958e+00 2.3263e-04 1.4094e-04
2.0961e+00 2.3878e-04 1.2687e-04
2.0963e+00 2.4044e-04 1.3683e-04
2.0966e+00 2.7116e-04 1.2667e-04
2.0969e+00 2.3902e-04 1.4184e-04
2.0971e+00 2.4701e-04 1.2992e-04
2.0974e+00 2.3407e-04 1.3282e-04
2.0977e+00 2.5904e-04 1.5873e-04
2.0979e+00 2.3229e-04 2.3857e-04
2.0982e+00 2.6841e-04 1.2781e-04
2.0984e+00 2.3633e-04 1.3753e-04
2.0987e+00 2.3177e-04 1.4558e-04
2.0990e+00 2.4817e-04 1.3279e-04
2.0992e+00 2.6176e-04 1.5213e-04
2.0995e+00 2.3275e-04 1.5217e-04
2.0998e+00 2.3751e-04 1.2061e-04
2.1000e+00 2.3279e-04 1.3610e-04
2.1003e+00 2.4465e-04 4.3311e-04
2.1006e+00 2.7676e-04 1.2724e-04
2.1008e+00 2.5253e-04 1.2637e-04
2.1011e+00 2.6628e-04 1.4035e-04
2.1014e+00 3.0249e-04 1.3162e-04
2.1016e+00 2.6585e-04 1.6907e-04
2.1019e+00 2.5218e-04 2.0851e-04
2.1021e+00 2.4006e-04 1.4283e-04
2.1024e+00 2.4637e-04 1.4604e-04
2.1027e+00 2.2467e-04 1.3867e-04
2.1029e+00 2.2737e-04 1.9102e-04
2.1032e+00 2.5272e-04 1.5515e-04
2.1035e+00 2.4762e-04 1.3320e-04
2.1037e+00 2.5278e-04 1.2437e-04
2.1040e+00 2.3958e-04 1.5501e-04
2.1043e+00 3.1451e-04 1.3842e-04
2.1045e+00 2.8609e-04 1.3032e-04
2.1048e+00 2.5357e-04 1.3050e-04
2.1051e+00 5.1373e-05 1.4273e-04
2.1053e+00 2.0080e-04 1.8497e-04
2.1056e+00 2.4132e-04 1.3089e-04
2.1058e+00 2.5774e-04 1.3203e-04
2.1061e+00 1.5336e-04 1.5530e-04
2.1064e+00 -8.2924e-05 1.5020e-04
2.1066e+00 1.4113e-04 1.3140e-04
2.1069e+00 2.7103e-04 1.3756e-04
2.1072e+00 2.9332e-04 1.2806e-04
2.1074e+00 2.7997e-04 1.4130e-04
2.1077e+00 2.8262e-04 1.2645e-04
2.1080e+00 2.2912e-04 1.6533e-04
2.1082e+00 2.3161e-04 1.4176e-04
2.1085e+00 2.2118e-04 1.2956e-04
2.1088e+00 2.2374e-04 1.3507e-04
2.1090e+00 2.5425e-04 1.3651e-04
2.1093e+00 2.6081e-04 1.3130e-04
2.1095e+00 2.8614e-04 1.2808e-04
2.1098e+00 2.8801e-04 1.4284e-04
2.1101e+00 2.7843e-04 1.3126e-04
2.1103e+00 2.4219e-04 1.3268e-04
2.1106e+00 2.7293e-04 1.5016e-04
2.1109e+00 2.7758e-04 1.5237e-04
2.1111e+00 2.8788e-04 1.4126e-04
2.1114e+00 2.4580e-04 1.3369e-04
2.1117e+00 2.7312e-04 1.3694e-04
2.1119e+00 2.5041e-04 1.4011e-04
2.1122e+00 2.3406e-04 1.3499e-04
2.1125e+00 2.1051e-04 1.7870e-04
2.1127e+00 2.9546e-04 1.6616e-04
2.1130e+00 3.0171e-04 1.4037e-04
2.1132e+00 3.0260e-04 1.4842e-04
2.1135e+00 2.6223e-04 1.5018e-04
2.1138e+00 2.7089e-04 1.3467e-04
2.1140e+00 2.5431e-04 1.4488e-04
2.1143e+00 2.7114e-04 1.5845e-04
2.1146e+00 2.7149e-04 1.5944e-04
2.1148e+00 2.8777e-04 3.8301e-04
2.1151e+00 3.1224e-04 1.3571e-04
2.1154e+00 2.8099e-04 1.4553e-04
2.1156e+00 2.4538e-04 1.4382e-04
2.1159e+00 2.7748e-04 1.3872e-04
2.1162e+00 2.3901e-04 1.3575e-04
2.1164e+00 2.4920e-04 1.5055e-04
2.1167e+00 2.7105e-04 1.2892e-04
2.1169e+00 2.5810e-04 1.3636e-04
2.1172e+00 2.3949e-04 1.4245e-04
2.1175e+00 2.5561e-04 1.3526e-04
2.1177e+00 2.6047e-04 1.6722e-04
2.1180e+00 2.4259e-04 1.3723e-04
2.1183e+00 2.5959e-04 1.5205e-04
2.1185e+00 2.3588e-04 1.5069e-04
2.1188e+00 2.6298e-04 1.4527e-04
2.1191e+00 3.0217e-04 1.2941e-04
2.1193e+00 2.6184e-04 1.3709e-04
2.1196e+00 2.1327e-04 1.3840e-04
2.1199e+00 2.8286e-04 1.7366e-04
2.1201e+00 3.2310e-04 1.6801e-04
2.1204e+00 2.7342e-04 1.6578e-04
2.1206e+00 2.8331e-04 1.3267e-04
2.1209e+00 2.7930e-04 1.4141e-04
2.1212e+00 2.9648e-04 1.4070e-04
2.1214e+00 3.1468e-04 1.5554e-04
2.1217e+00 3.0686e-04 1.4794e-04
2.1220e+00 2.8112e-04 1.3387e-04
2.1222e+00 2.7673e-04 1.5665e-04
2.1225e+00 2.8191e-04 1.3653e-04
2.1228e+00 2.9381e-04 1.4375e-04
2.1230e+00 2.8376e-04 1.2982e-04
2.1233e+00 2.3222e-04 4.5606e-04
2.1236e+00 2.5497e-04 1.4810e-04
2.1238e+00 2.7955e-04 1.6953e-04
2.1241e+00 2.9356e-04 1.4556e-04
2.1243e+00 2.6405e-04 1.4543e-04
2.1246e+00 2.3356e-04 1.4179e-04
2.1249e+00 2.9080e-04 1.3969e-04
2.1251e+00 3.2712e-04 1.4188e-04
2.1254e+00 2.8313e-04 1.7536e-04
2.1257e+00 2.4385e-04 1.5461e-04
2.1259e+00 2.3152e-04 1.4785e-04
2.1262e+00 2.9910e-04 1.5279e-04
2.1265e+00 2.7816e-04 1.4631e-04
2.1267e+00 3.0925e-04 1.5104e-04
2.1270e+00 2.7291e-04 1.3493e-04
2.1273e+00 2.3856e-04 1.4320e-04
2.1275e+00 2.3097e-04 1.5121e-04
2.1278e+00 2.3839e-04 2.5634e-04
2.1280e+00 2.6860e-04 1.5244e-04
2.1283e+00 3.0424e-04 1.4984e-04
2.1286e+00 2.8268e-04 1.4576e-04
2.1288e+00 2.1649e-04 1.4108e-04
2.1291e+00 2.2763e-04 1.5687e-04
2.1294e+00 3.0174e-04 1.4892e-04
2.1296e+00 2.7684e-04 1.4801e-04
2.1299e+00 2.6065e-04 1.7994e-04
2.1302e+00 2.4576e-04 1.3410e-04
2.1304e+00 2.8040e-04 1.4424e-04
2.1307e+00 2.9667e-04 1.4257e-04
2.1310e+00 2.8577e-04 1.3824e-04
2.1312e+00 2.8061e-04 1.5637e-04
2.1315e+00 2.6855e-04 1.3376e-04
2.1317e+00 2.6734e-04 1.4349e-04
2.1320e+00 2.5990e-04 1.2927e-04
2.1323e+00 3.0527e-04 1.4112e-04
2.1325e+00 2.4175e-04 1.4959e-04
2.1328e+00 2.5962e-04 1.4334e-04
2.1331e+00 2.7093e-04 1.4567e-04
2.1333e+00 3.0980e-04 1.4644e-04
2.1336e+00 2.9077e-04 1.5508e-04
2.1339e+00 2.7952e-04 1.4721e-04
2.1341e+00 2.9752e-04 1.6025e-04
2.1344e+00 2.6005e-04 1.3871e-04
2.1347e+00 2.6884e-04 1.4781e-04
2.1349e+00 2.8770e-04 1.5690e-04
2.1352e+00 2.7549e-04 1.8738e-04
2.1354e+00 2.9430e-04 1.3938e-04
2.1357e+00 3.1939e-04 1.4038e-04
2.1360e+00 2.7181e-04 3.0625e-04
2.1362e+00 2.9289e-04 1.4903e-04
2.1365e+00 2.2964e-04 1.4122e-04
2.1368e+00 2.6285e-04 1.4105e-04
2.1370e+00 3.0101e-04 1.5542e-04
2.1373e+00 2.7424e-04 1.3831e-04
2.1376e+00 2.6245e-04 1.3917e-04
2.1378e+00 3.0238e-04 1.7030e-04
2.1381e+00 3.1378e-04 1.6294e-04
2.1384e+00 2.8332e-04 2.3442e-04
2.1386e+00 2.8457e-04 1.3932e-04
2.1389e+00 2.4914e-04 1.4064e-04
2.1391e+00 2.5209e-04 1.4527e-04
2.1394e+00 3.1459e-04 1.4263e-04
2.1397e+00 2.7117e-04 1.4764e-04
2.1399e+00 2.9841e-04 1.5451e-04
2.1402e+00 3.0400e-04 1.3587e-04
2.1405e+00 2.8535e-04 1.4176e-04
2.1407e+00 2.4915e-04 1.4959e-04
2.1410e+00 2.5868e-04 1.9907e-04
2.1413e+00 2.8413e-04 2.1462e-04
2.1415e+00 2.9591e-04 1.5368e-04
2.1418e+00 2.5964e-04 1.4281e-04
2.1421e+00 2.3486e-04 1.4951e-04
2.1423e+00 2.0562e-04 1.4056e-04
2.1426e+00 2.6195e-04 1.4316e-04
2.1428e+00 2.8381e-04 1.4655e-04
2.1431e+00 3.0962e-04 1.8070e-04
2.1434e+00 2.9181e-04 2.4206e-04
2.1436e+00 2.4824e-04 1.4018e-04
2.1439e+00 2.9440e-04 1.4160e-04
2.1442e+00 3.2381e-04 1.4405e-04
2.1444e+00 2.8207e-04 1.4250e-04
2.1447e+00 2.8965e-04 1.4261e-04
2.1450e+00 2.9544e-04 1.4152e-04
2.1452e+00 2.6341e-04 1.4403e-04
2.1455e+00 2.9541e-04 1.3919e-04
2.1458e+00 2.6200e-04 1.3989e-04
2.1460e+00 1.5053e-04 1.7334e-04
2.1463e+00 2.8369e-04 1.5103e-04
2.1465e+00 3.7250e-04 1.5313e-04
2.1468e+00 3.5678e-04 1.4844e-04
2.1471e+00 3.2634e-04 1.6526e-04
2.1473e+00 3.6772e-04 1.5993e-04
2.1476e+00 3.3692e-04 1.4448e-04
2.1479e+00 3.1013e-04 1.4258e-04
2.1481e+00 2.8482e-04 1.5021e-04
2.1484e+00 3.1855e-04 1.4381e-04
2.1487e+00 2.9792e-04 1.5111e-04
2.1489e+00 2.9784e-04 7.9701e-04
2.1492e+00 2.6129e-04 1.8312e-04
2.1495e+00 2.8594e-04 1.5325e-04
2.1497e+00 2.5656e-04 1.3932e-04
2.1500e+00 1.9234e-04 1.7940e-04
2.1502e+00 2.3241e-04 1.4754e-04
2.1505e+00 2.8631e-04 1.9231e-04
2.1508e+00 3.1666e-04 1.6496e-04
2.1510e+00 3.1144e-04 1.6766e-04
2.1513e+00 2.8690e-04 1.4909e-04
2.1516e+00 3.0032e-04 1.5409e-04
2.1518e+00 2.9147e-04 1.5667e-04
2.1521e+00 2.4593e-04 1.4836e-04
2.1524e+00 2.8532e-04 1.5883e-04
2.1526e+00 2.8867e-04 1.4520e-04
2.1529e+00 3.3430e-04 1.4119e-04
2.1532e+00 2.8863e-04 1.5812e-04
2.1534e+00 3.4020e-04 2.8759e-04
2.1537e+00 3.1617e-04 3.3475e-04
2.1539e+00 3.3211e-04 1.4549e-04
2.1542e+00 2.9806e-04 1.4163e-04
2.1545e+00 3.2799e-04 1.4541e-04
2.1547e+00 2.9455e-04 1.4762e-04
2.1550e+00 3.2266e-04 1.5020e-04
2.1553e+00 3.0130e-04 1.9497e-04
2.1555e+00 2.8695e-04 1.7376e-04
2.1558e+00 2.2432e-04 1.7347e-04
2.1561e+00 2.3916e-04 1.4396e-04
2.1563e+00 2.7555e-04 1.7253e-04
2.1566e+00 2.7043e-04 1.3914e-04
2.1569e+00 2.6965e-04 1.4410e-04
2.1571e+00 3.0755e-04 1.5714e-04
2.1574e+00 3.2797e-04 1.5351e-04
2.1576e+00 3.1267e-04 1.7815e-04
2.1579e+00 3.4368e-04 2.1644e-04
2.1582e+00 3.4224e-04 1.4423e-04
2.1584e+00 3.0543e-04 1.4027e-04
2.1587e+00 3.1405e-04 1.5408e-04
2.1590e+00 3.4065e-04 1.7798e-04
2.1592e+00 2.8791e-04 1.4643e-04
2.1595e+00 3.1642e-04 1.4982e-04
2.1598e+00 2.8289e-04 1.4771e-04
2.1600e+00 4.1832e-04 1.5515e-04
2.1603e+00 7.6316e-04 1.6005e-04
2.1606e+00 6.1401e-04 1.7555e-04
2.1608e+00 3.4428e-04 1.7525e-04
2.1611e+00 3.2734e-04 2.1611e-04
2.1613e+00 3.1052e-04 3.4497e-04
2.1616e+00 3.3374e-04 1.5498e-04
2.1619e+00 3.4135e-04 1.4776e-04
2.1621e+00 3.5521e-04 1.5362e-04
2.1624e+00 3.2549e-04 1.5112e-04
2.1627e+00 3.4869e-04 1.7434e-04
2.1629e+00 3.4033e-04 1.5817e-04
2.1632e+00 3.0657e-04 1.7156e-04
2.1635e+00 3.2767e-04 1.9104e-04
2.1637e+00 3.1137e-04 1.6491e-04
2.1640e+00 3.4454e-04 1.8536e-04
2.1643e+00 3.4243e-04 1.6188e-04
2.1645e+00 3.4734e-04 1.6088e-04
2.1648e+00 3.6209e-04 1.6767e-04
2.1650e+00 4.1313e-04 1.9328e-04
2.1653e+00 3.9220e-04 1.7855e-04
2.1656e+00 4.2409e-04 1.9673e-04
2.1658e+00 4.0562e-04 2.4456e-04
2.1661e+00 3.7437e-04 1.7917e-04
2.1664e+00 3.8805e-04 1.8928e-04
2.1666e+00 3.5794e-04 1.9500e-04
2.1669e+00 3.5731e-04 1.9740e-04
2.1672e+00 3.9319e-04 1.8143e-04
2.1674e+00 3.1891e-04 1.9566e-04
2.1677e+00 3.3265e-04 1.8685e-04
2.1680e+00 3.6275e-04 2.9187e-04
2.1682e+00 4.0173e-04 1.6811e-04
2.1685e+00 3.6074e-04 2.8747e-04
2.1687e+00 3.6586e-04 1.9347e-04
2.1690e+00 3.2311e-04 1.6741e-04
2.1693e+00 3.7247e-04 1.6888e-04
2.1695e+00 3.2248e-04 1.6336e-04
2.1698e+00 3.2947e-04 1.7445e-04
2.1701e+00 2.9795e-04 1.5731e-04
2.1703e+00 3.3131e-04 1.9023e-04
2.1706e+00 2.7828e-04 1.5482e-04
2.1709e+00 3.0826e-04 1.5501e-04
2.1711e+00 2.9190e-04 1.5196e-04
2.1714e+00 3.2631e-04 1.6468e-04
2.1717e+00 3.4334e-04 1.4912e-04
2.1719e+00 3.1177e-04 1.5853e-04
2.1722e+00 3.1652e-04 1.6099e-04
2.1724e+00 3.1783e-04 1.6893e-04
2.1727e+00 3.0043e-04 2.5161e-04
2.1730e+00 3.3914e-04 1.6260e-04
2.1732e+00 3.0642e-04 1.5798e-04
2.1735e+00 2.9130e-04 1.5932e-04
2.1738e+00 3.1785e-04 1.5969e-04
2.1740e+00 3.6508e-04 1.5380e-04
2.1743e+00 2.9674e-04 2.5941e-04
2.1746e+00 2.9137e-04 1.6813e-04
2.1748e+00 3.2407e-04 1.5681e-04
2.1751e+00 3.4983e-04 1.7115e-04
2.1754e+00 3.4118e-04 1.5539e-04
2.1756e+00 3.1900e-04 1.5539e-04
2.1759e+00 3.3714e-04 1.5644e-04
2.1761e+00 2.9893e-04 1.5606e-04
2.1764e+00 3.2010e-04 1.6051e-04
2.1767e+00 3.1842e-04 1.7028e-04
2.1769e+00 3.4417e-04 1.6232e-04
2.1772e+00 3.4196e-04 1.7502e-04
2.1775e+00 4.9614e-04 1.5968e-04
2.1777e+00 4.8871e-04 1.8568e-04
2.1780e+00 5.3029e-04 1.5544e-04
2.1783e+00 4.2759e-04 1.6067e-04
2.1785e+00 3.3902e-04 1.9218e-04
2.1788e+00 3.2718e-04 2.1072e-04
2.1791e+00 3.0932e-04 1.7064e-04
2.1793e+00 2.8312e-04 1.6661e-04
2.1796e+00 2.6059e-04 1.5941e-04
2.1798e+00 2.9893e-04 1.5690e-04
2.1801e+00 2.8495e-04 1.6023e-04
2.1804e+00 2.7100e-04 1.6113e-04
2.1806e+00 2.9379e-04 1.6247e-04
2.1809e+00 3.3609e-04 1.4850e-04
2.1812e+00 3.1417e-04 1.5530e-04
2.1814e+00 2.9821e-04 1.5717e-04
2.1817e+00 3.3661e-04 1.6411e-04
2.1820e+00 3.0249e-04 1.7478e-04
2.1822e+00 3.3865e-04 1.8445e-04
2.1825e+00 2.9799e-04 1.9340e-04
2.1828e+00 2.8472e-04 1.7645e-04
2.1830e+00 3.1636e-04 2.1986e-04
2.1833e+00 3.4136e-04 1.8968e-04
2.1835e+00 3.3918e-04 2.9687e-04
2.1838e+00 2.7447e-04 1.7268e-04
2.1841e+00 2.5904e-04 1.8348e-04
2.1843e+00 2.2229e-04 1.7549e-04
2.1846e+00 2.9800e-04 1.8992e-04
2.1849e+00 3.1387e-04 1.8558e-04
2.1851e+00 3.0345e-04 2.4618e-04
2.1854e+00 3.2943e-04 1.7232e-04
2.1857e+00 2.4504e-04 2.0356e-04
2.1859e+00 2.3600e-04 1.7946e-04
2.1862e+00 3.2020e-04 1.7724e-04
2.1865e+00 3.2881e-04 1.7164e-04
2.1867e+00 3.3269e-04 2.3381e-04
2.1870e+00 3.0766e-04 1.8854e-04
2.1872e+00 3.1033e-04 1.8225e-04
2.1875e+00 3.0223e-04 2.3454e-04
2.1878e+00 3.0208e-04 1.7289e-04
2.1880e+00 3.4267e-04 1.9382e-04
2.1883e+00 3.4059e-04 4.9761e-04
2.1886e+00 3.2815e-04 2.4119e-04
2.1888e+00 3.3856e-04 1.7985e-04
2.1891e+00 3.5725e-04 3.1872e-04
2.1894e+00 3.4679e-04 1.9033e-04
2.1896e+00 3.0457e-04 2.0110e-04
2.1899e+00 3.4808e-04 1.8730e-04
2.1902e+00 2.9302e-04 1.9594e-04
2.1904e+00 2.9551e-04 4.1203e-04
2.1907e+00 2.9672e-04 3.3225e-04
2.1909e+00 3.2461e-04 1.8859e-04
2.1912e+00 2.9272e-04 1.8955e-04
2.1915e+00 3.1692e-04 1.9573e-04
2.1917e+00 3.3769e-04 1.9091e-04
2.1920e+00 3.3596e-04 2.0245e-04
2.1923e+00 3.5780e-04 1.8853e-04
2.1925e+00 3.7056e-04 1.9959e-04
2.1928e+00 3.6081e-04 2.0512e-04
2.1931e+00 3.0504e-04 2.0830e-04
2.1933e+00 2.9308e-04 1.9872e-04
2.1936e+00 2.9192e-04 3.1162e-04
2.1939e+00 2.4259e-04 2.2464e-04
2.1941e+00 2.9499e-04 2.0735e-04
2.1944e+00 2.3438e-04 2.0573e-04
2.1946e+00 3.1968e-04 2.2214e-04
2.1949e+00 3.8791e-04 2.4064e-04
2.1952e+00 3.9810e-04 2.5324e-04
2.1954e+00 3.5536e-04 2.1687e-04
2.1957e+00 3.4487e-04 2.7278e-04
2.1960e+00 3.3890e-04 2.5226e-04
2.1962e+00 3.1594e-04 2.1971e-04
2.1965e+00 2.9520e-04 2.2900e-04
2.1968e+00 3.1814e-04 2.1006e-04
2.1970e+00 3.5159e-04 2.2179e-04
2.1973e+00 4.3633e-04 3.4942e-04
2.1976e+00 3.9105e-04 2.4459e-04
2.1978e+00 3.3522e-04 2.3039e-04
2.1981e+00 2.6484e-04 6.1984e-04
2.1983e+00 3.3582e-04 2.7804e-04
2.1986e+00 2.7014e-04 2.5170e-04
2.1989e+00 3.2509e-04 2.7968e-04
2.1991e+00 3.0940e-04 2.4535e-04
2.1994e+00 2.8679e-04 2.5985e-04
2.1997e+00 3.7709e-04 2.6013e-04
2.1999e+00 4.0800e-04 3.0681e-04
2.2002e+00 3.0706e-04 3.0107e-04
2.2005e+00 3.7085e-04 2.9181e-04
2.2007e+00 3.2684e-04 3.3812e-04
2.2010e+00 3.3241e-04 2.6188e-04
2.2013e+00 3.0690e-04 2.4735e-04
2.2015e+00 2.7553e-04 2.7978e-04
2.2018e+00 3.9304e-04 2.6214e-04
2.2020e+00 3.4464e-04 2.8359e-04
2.2023e+00 3.1120e-04 2.7062e-04
2.2026e+00 3.5495e-04 2.7690e-04
2.2028e+00 3.0038e-04 2.8269e-04
2.2031e+00 3.4295e-04 2.6089e-04
2.2034e+00 3.9257e-04 2.8850e-04
2.2036e+00 3.0526e-04 2.6972e-04
2.2039e+00 3.1279e-04 2.7018e-04
2.2042e+00 3.4055e-04 2.7754e-04
2.2044e+00 3.4372e-04 2.7293e-04
2.2047e+00 3.0038e-04 3.1236e-04
2.2050e+00 2.5621e-04 3.3122e-04
2.2052e+00 3.2303e-04 2.9750e-04
2.2055e+00 4.1735e-04 2.8400e-04
2.2057e+00 3.7365e-04 2.8222e-04
2.2060e+00 3.4977e-04 4.5016e-04
2.2063e+00 3.2436e-04 2.7904e-04
2.2065e+00 3.0343e-04 5.5386e-04
2.2068e+00 3.2612e-04 3.1418e-04
2.2071e+00 3.0866e-04 2.8900e-04
2.2073e+00 3.0532e-04 3.1591e-04
2.2076e+00 2.8598e-04 8.4233e-04
2.2079e+00 3.1852e-04 3.0495e-04
2.2081e+00 3.0870e-04 4.0603e-04
2.2084e+00 2.9642e-04 2.7866e-04
2.2087e+00 3.2126e-04 2.8645e-04
2.2089e+00 3.9673e-04 9.4161e-04
2.2092e+00 3.5596e-04 2.9999e-04
2.2094e+00 3.0298e-04 3.1208e-04
2.2097e+00 3.3092e-04 2.9661e-04
2.2100e+00 3.4440e-04 3.3018e-04
2.2102e+00 2.9504e-04 4.3713e-04
2.2105e+00 3.5602e-04 2.7949e-04
2.2108e+00 3.2119e-04 3.1066e-04
2.2110e+00 2.9243e-04 2.9090e-04
2.2113e+00 3.9519e-04 2.9612e-04
2.2116e+00 4.8093e-04 2.9251e-04
2.2118e+00 4.0682e-04 3.2178e-04
2.2121e+00 4.1123e-04 2.8278e-04
2.2124e+00 3.0222e-04 3.9825e-04
2.2126e+00 3.5334e-04 2.9248e-04
2.2129e+00 3.3144e-04 2.9825e-04
2.2131e+00 4.2657e-04 3.8457e-04
2.2134e+00 3.6503e-04 2.9418e-04
2.2137e+00 3.7842e-04 3.4503e-04
2.2139e+00 3.5897e-04 2.8694e-04
2.2142e+00 4.1544e-04 2.9698e-04
2.2145e+00 2.9924e-04 3.9604e-04
2.2147e+00 1.9005e-04 3.0439e-04
2.2150e+00 1.5043e-04 6.8953e-04
2.2153e+00 2.7357e-04 3.1826e-04
2.2155e+00 2.7419e-04 2.9572e-04
2.2158e+00 3.6950e-04 3.0065e-04
2.2161e+00 3.2822e-04 3.5504e-04
2.2163e+00 3.3487e-04 3.2262e-04
2.2166e+00 2.9698e-04 3.0436e-04
2.2168e+00 3.5746e-04 3.0299e-04
2.2171e+00 4.2951e-04 2.8693e-04
2.2174e+00 2.9693e-04 3.7519e-04
2.2176e+00 3.9053e-04 2.9721e-04
2.2179e+00 3.6853e-04 2.9084e-04
2.2182e+00 4.1208e-04 3.3316e-04
2.2184e+00 3.6087e-04 2.9402e-04
2.2187e+00 4.0467e-04 3.0533e-04
2.2190e+00 4.1206e-04 2.9676e-04
2.2192e+00 4.0699e-04 2.7811e-04
2.2195e+00 3.3073e-04 2.8972e-04
2.2198e+00 3.3530e-04 2.8244e-04
2.2200e+00 3.1262e-04 2.7819e-04
2.2203e+00 3.5406e-04 2.8381e-04
2.2205e+00 6.1707e-04 3.7184e-04
2.2208e+00 4.5133e-04 2.9147e-04
2.2211e+00 3.1709e-04 2.6980e-04
2.2213e+00 3.3116e-04 3.0226e-04
2.2216e+00 3.5191e-04 3.5252e-04
2.2219e+00 3.3474e-04 3.2154e-04
2.2221e+00 3.6067e-04 2.8239e-04
2.2224e+00 3.2633e-04 3.5939e-04
2.2227e+00 3.8776e-04 2.7107e-04
2.2229e+00 3.7044e-04 3.6684e-04
2.2232e+00 4.5984e-04 2.9513e-04
2.2235e+00 4.0246e-04 2.8295e-04
2.2237e+00 3.0363e-04 2.8579e-04
2.2240e+00 3.2811e-04 3.1993e-04
2.2242e+00 2.6729e-04 2.7534e-04
2.2245e+00 2.7774e-04 2.6976e-04
2.2248e+00 2.8572e-04 2.8958e-04
2.2250e+00 3.0699e-04 2.9465e-04
2.2253e+00 4.6726e-04 3.0178e-04
2.2256e+00 4.2392e-04 2.9327e-04
2.2258e+00 3.2001e-04 3.1123e-04
2.2261e+00 3.3658e-04 2.6644e-04
2.2264e+00 2.5651e-04 2.7324e-04
2.2266e+00 3.6393e-04 2.8596e-04
2.2269e+00 3.1487e-04 3.0329e-04
2.2272e+00 3.6501e-04 2.8437e-04
2.2274e+00 4.8250e-04 2.7877e-04
2.2277e+00 4.5038e-04 2.6681e-04
2.2279e+00 3.4086e-04 2.6059e-04
2.2282e+00 2.9809e-04 2.7546e-04
2.2285e+00 3.0223e-04 2.6137e-04
2.2287e+00 3.2105e-04 2.7422e-04
2.2290e+00 3.4689e-04 3.1839e-04
2.2293e+00 3.4516e-04 2.5939e-04
2.2295e+00 3.6027e-04 2.6036e-04
2.2298e+00 3.7771e-04 2.5588e-04
2.2301e+00 3.3978e-04 2.5644e-04
2.2303e+00 3.8009e-04 2.8361e-04
2.2306e+00 3.7509e-04 3.3156e-04
2.2309e+00 3.6748e-04 2.5749e-04
2.2311e+00 3.6355e-04 2.5651e-04
2.2314e+00 3.0279e-04 2.6141e-04
2.2316e+00 3.7307e-04 2.7388e-04
2.2319e+00 3.5794e-04 2.8400e-04
2.2322e+00 3.7432e-04 3.4131e-04
2.2324e+00 3.3886e-04 2.7652e-04
2.2327e+00 3.7043e-04 2.6284e-04
2.2330e+00 3.4578e-04 2.7062e-04
2.2332e+00 3.6435e-04 2.6277e-04
2.2335e+00 3.4098e-04 2.9845e-04
2.2338e+00 3.5286e-04 2.9055e-04
2.2340e+00 3.4465e-04 2.6855e-04
2.2343e+00 2.6909e-04 2.8338e-04
2.2346e+00 3.3938e-04 3.1052e-04
2.2348e+00 3.3972e-04 2.5811e-04
2.2351e+00 3.5882e-04 2.5609e-04
2.2353e+00 3.4709e-04 2.7249e-04
2.2356e+00 3.8599e-04 2.4125e-04
2.2359e+00 3.4982e-04 2.8064e-04
2.2361e+00 3.2810e-04 2.7408e-04
2.2364e+00 3.9879e-04 3.0888e-04
2.2367e+00 3.7184e-04 2.5953e-04
2.2369e+00 4.0385e-04 2.7535e-04
2.2372e+00 3.5865e-04 2.8382e-04
2.2375e+00 3.4328e-04 2.5880e-04
2.2377e+00 4.0673e-04 3.2980e-04
2.2380e+00 3.8444e-04 2.6306e-04
2.2383e+00 4.3450e-04 3.6007e-04
2.2385e+00 4.1753e-04 2.5381e-04
2.2388e+00 3.5696e-04 5.2603e-04
2.2390e+00 3.6427e-04 2.6784e-04
2.2393e+00 3.9180e-04 4.8260e-04
2.2396e+00 3.2629e-04 2.5027e-04
2.2398e+00 3.4634e-04 5.4242e-04
2.2401e+00 3.5793e-04 2.6704e-04
2.2404e+00 3.7495e-04 2.7001e-04
2.2406e+00 3.5116e-04 2.7167e-04
2.2409e+00 3.8081e-04 4.4494e-04
2.2412e+00 3.4499e-04 4.9388e-04
2.2414e+00 2.9217e-04 3.0364e-04
2.2417e+00 3.4774e-04 2.7106e-04
2.2420e+00 4.2657e-04 2.6943e-04
2.2422e+00 3.6653e-04 2.5428e-04
2.2425e+00 3.3405e-04 2.7868e-04
2.2427e+00 3.6775e-04 2.5762e-04
2.2430e+00 3.0452e-04 2.5990e-04
2.2433e+00 3.2281e-04 2.5456e-04
2.2435e+00 3.4451e-04 2.5301e-04
2.2438e+00 3.2359e-04 2.6160e-04
2.2441e+00 2.9571e-04 2.7542e-04
2.2443e+00 4.0371e-04 2.7074e-04
2.2446e+00 3.9249e-04 2.4883e-04
2.2449e+00 4.1094e-04 4.6013e-04
2.2451e+00 3.1944e-04 2.5203e-04
2.2454e+00 4.1953e-04 2.6204e-04
2.2457e+00 4.4557e-04 2.6068e-04
2.2459e+00 4.3093e-04 2.8629e-04
2.2462e+00 3.3430e-04 2.9962e-04
2.2464e+00 3.2961e-04 2.6153e-04
2.2467e+00 5.2491e-04 4.5858e-04
2.2470e+00 3.7854e-04 4.1593e-04
2.2472e+00 3.2395e-04 2.8925e-04
2.2475e+00 3.7990e-04 2.9455e-04
2.2478e+00 3.9943e-04 2.5432e-04
2.2480e+00 3.6196e-04 2.6296e-04
2.2483e+00 3.1868e-04 3.6357e-04
2.2486e+00 2.9625e-04 2.6392e-04
2.2488e+00 3.2495e-04 2.6187e-04
2.2491e+00 3.0127e-04 3.0612e-04
2.2494e+00 3.2348e-04 2.6067e-04
2.2496e+00 3.4782e-04 2.6236e-04
2.2499e+00 3.0475e-04 2.9732e-04
2.2501e+00 1.7564e-04 2.6959e-04
2.2504e+00 3.5718e-04 2.5415e-04
2.2507e+00 3.9626e-04 2.7741e-04
2.2509e+00 3.6363e-04 2.6673e-04
2.2512e+00 4.1507e-04 2.6802e-04
2.2515e+00 3.8007e-04 2.5858e-04
2.2517e+00 3.7605e-04 2.5415e-04
2.2520e+00 3.2062e-04 2.6235e-04
2.2523e+00 3.2320e-04 2.7635e-04
2.2525e+00 3.9172e-04 2.6199e-04
2.2528e+00 3.8657e-04 2.7856e-04
2.2531e+00 3.2094e-04 3.0604e-04
2.2533e+00 3.5039e-04 2.7568e-04
2.2536e+00 2.8785e-04 2.7616e-04
2.2538e+00 3.6997e-04 2.8887e-04
2.2541e+00 3.8036e-04 2.9482e-04
2.2544e+00 3.8787e-04 2.7071e-04
2.2546e+00 3.4854e-04 2.9583e-04
2.2549e+00 3.2242e-04 2.7942e-04
2.2552e+00 2.7863e-04 2.9577e-04
2.2554e+00 3.6395e-04 2.9195e-04
2.2557e+00 4.1245e-04 2.7990e-04
2.2560e+00 3.8741e-04 3.0292e-04
2.2562e+00 3.8878e-04 3.3244e-04
2.2565e+00 4.1784e-04 2.7453e-04
2.2568e+00 3.4942e-04 2.9899e-04
2.2570e+00 4.6083e-04 3.0735e-04
2.2573e+00 4.1802e-04 2.6732e-04
2.2575e+00 4.1878e-04 2.5623e-04
2.2578e+00 4.0572e-04 3.3799e-04
2.2581e+00 3.6549e-04 2.7724e-04
2.2583e+00 2.9223e-04 2.6454e-04
2.2586e+00 3.3419e-04 2.7801e-04
2.2589e+00 3.5537e-04 3.2104e-04
2.2591e+00 3.7759e-04 2.6425e-04
2.2594e+00 3.7708e-04 2.8947e-04
2.2597e+00 3.6563e-04 3.5401e-04
2.2599e+00 3.7982e-04 2.6612e-04
2.2602e+00 2.4530e-04 5.9805e-04
2.2605e+00 3.0128e-04 3.0218e-04
2.2607e+00 3.9950e-04 3.2364e-04
2.2610e+00 3.7134e-04 2.9417e-04
2.2612e+00 3.4984e-04 2.9655e-04
2.2615e+00 3.2447e-04 3.2658e-04
2.2618e+00 3.3330e-04 3.6407e-04
2.2620e+00 4.1802e-04 2.9460e-04
2.2623e+00 3.7832e-04 3.0854e-04
2.2626e+00 3.9901e-04 2.7576e-04
2.2628e+00 3.2718e-04 2.7400e-04
2.2631e+00 2.7461e-04 2.9881e-04
2.2634e+00 3.4457e-04 2.7726e-04
2.2636e+00 3.3682e-04 2.7916e-04
2.2639e+00 3.7058e-04 5.8402e-04
2.2642e+00 3.4886e-04 2.7405e-04
2.2644e+00 3.1603e-04 2.9412e-04
2.2647e+00 3.3319e-04 3.0487e-04
2.2649e+00 2.5717e-04 3.1043e-04
2.2652e+00 3.4488e-04 2.9068e-04
2.2655e+00 3.2496e-04 2.8501e-04
2.2657e+00 3.2603e-04 2.6480e-04
2.2660e+00 3.9790e-04 2.6586e-04
2.2663e+00 4.0989e-04 2.6614e-04
2.2665e+00 4.2001e-04 2.6597e-04
2.2668e+00 4.6431e-04 2.6490e-04
2.2671e+00 4.2392e-04 2.7066e-04
2.2673e+00 3.8208e-04 2.7687e-04
2.2676e+00 3.9201e-04 3.6093e-04
2.2679e+00 3.2832e-04 3.2306e-04
2.2681e+00 2.6198e-04 2.7963e-04
2.2684e+00 3.1019e-04 3.4584e-04
2.2686e+00 2.7872e-04 3.2866e-04
2.2689e+00 3.5676e-04 4.3751e-04
2.2692e+00 3.3883e-04 3.2861e-04
2.2694e+00 3.2243e-04 3.0917e-04
2.2697e+00 3.1149e-04 2.8817e-04
2.2700e+00 3.7622e-04 2.6538e-04
2.2702e+00 4.4172e-04 2.8568e-04
2.2705e+00 3.8859e-04 3.1450e-04
2.2708e+00 3.3746e-04 2.7518e-04
2.2710e+00 4.0629e-04 2.8480e-04
2.2713e+00 3.5335e-04 2.6307e-04
2.2716e+00 3.9427e-04 2.8790e-04
2.2718e+00 3.8413e-04 2.7104e-04
2.2721e+00 4.0926e-04 2.9845e-04
2.2723e+00 3.8972e-04 2.9760e-04
2.2726e+00 4.2109e-04 2.9415e-04
2.2729e+00 4.4252e-04 4.8568e-04
2.2731e+00 3.5414e-04 2.6509e-04
2.2734e+00 4.3557e-04 2.7827e-04
2.2737e+00 3.4340e-04 2.6445e-04
2.2739e+00 3.1889e-04 2.7016e-04
2.2742e+00 3.0749e-04 2.6798e-04
2.2745e+00 3.4461e-04 2.8555e-04
2.2747e+00 2.9793e-04 2.8748e-04
2.2750e+00 4.1790e-04 2.9046e-04
2.2753e+00 3.4903e-04 3.0235e-04
2.2755e+00 4.3022e-04 3.9448e-04
2.2758e+00 4.2434e-04 3.3348e-04
2.2760e+00 2.8922e-04 2.8768e-04
2.2763e+00 3.0731e-04 4.1217e-04
2.2766e+00 3.9197e-04 3.0372e-04
2.2768e+00 3.6544e-04 3.0530e-04
2.2771e+00 4.1633e-04 4.3537e-04
2.2774e+00 -1.5072e-05 2.9251e-04
2.2776e+00 3.5541e-04 2.7620e-04
2.2779e+00 3.0644e-04 2.6103e-04
2.2782e+00 3.3421e-04 2.6714e-04
2.2784e+00 3.4116e-04 2.8011e-04
2.2787e+00 3.2563e-04 2.6671e-04
2.2790e+00 3.4248e-04 2.6517e-04
2.2792e+00 3.6626e-04 2.8345e-04
2.2795e+00 4.0874e-04 2.8510e-04
2.2797e+00 3.0675e-04 2.6077e-04
2.2800e+00 3.0820e-04 2.6655e-04
2.2803e+00 3.6847e-04 2.7830e-04
2.2805e+00 3.9668e-04 4.2440e-04
2.2808e+00 4.0434e-04 3.1518e-04
2.2811e+00 3.2150e-04 2.8071e-04
2.2813e+00 4.1868e-04 2.7091e-04
2.2816e+00 4.1630e-04 2.8710e-04
2.2819e+00 3.6255e-04 4.6286e-04
2.2821e+00 3.7555e-04 2.7736e-04
2.2824e+00 3.6911e-04 2.9368e-04
2.2827e+00 3.8153e-04 3.2937e-04
2.2829e+00 4.0077e-04 3.4034e-04
2.2832e+00 3.3512e-04 3.0743e-04
2.2834e+00 3.8344e-04 2.6297e-04
2.2837e+00 3.0204e-04 2.7666e-04
2.2840e+00 3.5336e-04 3.1567e-04
2.2842e+00 3.3231e-04 2.6286e-04
2.2845e+00 3.1992e-04 2.7115e-04
2.2848e+00 3.4356e-04 2.8353e-04
2.2850e+00 3.5950e-04 2.7011e-04
2.2853e+00 4.3653e-04 3.0258e-04
2.2856e+00 3.5337e-04 3.8490e-04
2.2858e+00 3.1834e-04 2.7186e-04
2.2861e+00 3.7746e-04 2.5695e-04
2.2864e+00 3.6709e-04 3.5358e-04
2.2866e+00 3.3991e-04 3.3784e-04
2.2869e+00 3.2544e-04 2.7337e-04
2.2871e+00 3.6016e-04 2.6045e-04
2.2874e+00 3.9561e-04 2.5343e-04
2.2877e+00 3.0906e-04 3.3749e-04
2.2879e+00 3.7060e-04 2.6664e-04
2.2882e+00 4.2825e-04 2.8352e-04
2.2885e+00 3.5264e-04 2.6059e-04
2.2887e+00 4.1716e-04 2.8496e-04
2.2890e+00 3.7971e-04 2.6085e-04
2.2893e+00 3.7288e-04 2.7185e-04
2.2895e+00 4.3955e-04 2.9789e-04
2.2898e+00 4.1785e-04 3.1652e-04
2.2901e+00 4.2266e-04 3.1268e-04
2.2903e+00 3.9612e-04 3.1579e-04
2.2906e+00 3.5517e-04 3.2685e-04
2.2908e+00 3.6102e-04 2.6111e-04
2.2911e+00 3.2120e-04 3.0634e-04
2.2914e+00 3.3932e-04 2.8051e-04
2.2916e+00 3.2266e-04 3.0959e-04
2.2919e+00 4.7157e-04 2.7284e-04
2.2922e+00 3.7720e-04 3.1451e-04
2.2924e+00 3.8231e-04 3.2457e-04
2.2927e+00 3.6197e-04 2.7381e-04
2.2930e+00 4.4599e-04 2.8253e-04
2.2932e+00 3.3704e-04 2.5070e-04
2.2935e+00 2.8054e-04 2.6999e-04
2.2938e+00 2.7495e-04 3.0883e-04
2.2940e+00 3.0759e-04 2.8614e-04
2.2943e+00 3.7266e-04 3.0539e-04
2.2945e+00 3.8522e-04 3.1058e-04
2.2948e+00 2.4462e-04 2.9137e-04
2.2951e+00 2.6954e-04 2.6322e-04
2.2953e+00 2.8502e-04 2.8403e-04
2.2956e+00 3.2807e-04 2.9103e-04
2.2959e+00 3.4375e-04 2.9264e-04
2.2961e+00 4.0134e-04 2.9185e-04
2.2964e+00 3.5160e-04 3.0210e-04
2.2967e+00 3.4090e-04 2.6089e-04
2.2969e+00 3.5353e-04 2.8350e-04
2.2972e+00 3.3592e-04 2.4570e-04
2.2975e+00 3.1297e-04 2.8553e-04
2.2977e+00 4.4585e-04 2.4561e-04
2.2980e+00 3.4871e-04 2.8302e-04
2.2982e+00 3.0814e-04 2.7583e-04
2.2985e+00 2.7155e-04 2.9621e-04
2.2988e+00 3.0321e-04 2.7221e-04
2.2990e+00 2.8453e-04 2.7063e-04
2.2993e+00 3.3845e-04 2.7569e-04
2.2996e+00 3.7122e-04 2.6005e-04
2.2998e+00 3.7781e-04 3.0632e-04
2.3001e+00 3.6792e-04 5.9249e-04
2.3004e+00 3.5689e-04 3.0151e-04
2.3006e+00 3.3023e-04 2.7061e-04
2.3009e+00 3.8833e-04 3.0159e-04
2.3012e+00 3.1788e-04 3.1487e-04
2.3014e+00 3.3069e-04 2.6456e-04
2.3017e+00 2.9769e-04 2.8281e-04
2.3019e+00 3.5842e-04 2.5829e-04
2.3022e+00 3.3755e-04 2.4713e-04
2.3025e+00 3.8079e-04 2.4978e-04
2.3027e+00 3.6721e-04 2.7380e-04
2.3030e+00 3.0738e-04 3.4192e-04
2.3033e+00 2.7251e-04 3.1912e-04
2.3035e+00 3.2401e-04 2.7537e-04
2.3038e+00 3.5475e-04 3.5371e-04
2.3041e+00 3.7344e-04 2.5840e-04
2.3043e+00 3.7811e-04 2.7304e-04
2.3046e+00 3.7987e-04 2.6375e-04
2.3049e+00 3.2589e-04 2.9477e-04
2.3051e+00 3.0231e-04 2.8875e-04
2.3054e+00 3.7314e-04 2.6904e-04
2.3056e+00 3.2079e-04 2.5254e-04
2.3059e+00 3.0894e-04 3.1281e-04
2.3062e+00 3.4632e-04 2.6429e-04
2.3064e+00 3.7464e-04 2.5439e-04
2.3067e+00 3.0441e-04 2.4985e-04
2.3070e+00 2.5085e-04 3.8097e-04
2.3072e+00 3.4389e-04 2.5595e-04
2.3075e+00 3.9887e-04 4.3570e-04
2.3078e+00 3.3161e-04 2.6085e-04
2.3080e+00 3.5172e-04 2.4944e-04
2.3083e+00 3.7862e-04 2.4571e-04
2.3086e+00 3.9432e-04 2.2429e-04
2.3088e+00 3.3397e-04 2.7292e-04
2.3091e+00 2.9287e-04 2.4128e-04
2.3093e+00 2.4297e-04 2.5205e-04
2.3096e+00 3.0009e-04 2.3886e-04
2.3099e+00 2.8091e-04 2.3569e-04
2.3101e+00 3.0153e-04 2.4690e-04
2.3104e+00 3.1364e-04 2.2625e-04
2.3107e+00 4.1241e-04 5.0191e-04
2.3109e+00 3.6394e-04 2.3847e-04
2.3112e+00 2.6710e-04 2.3786e-04
2.3115e+00 2.6982e-04 2.3596e-04
2.3117e+00 3.2736e-04 2.2796e-04
2.3120e+00 3.4828e-04 3.1674e-04
2.3123e+00 3.7279e-04 2.5226e-04
2.3125e+00 3.8499e-04 2.2592e-04
2.3128e+00 3.7742e-04 3.1192e-04
2.3130e+00 3.8435e-04 2.4370e-04
2.3133e+00 2.8980e-04 2.1683e-04
2.3136e+00 3.2360e-04 2.8694e-04
2.3138e+00 3.1482e-04 2.7134e-04
2.3141e+00 3.2249e-04 2.8005e-04
2.3144e+00 3.3369e-04 2.5022e-04
2.3146e+00 3.5676e-04 2.5966e-04
2.3149e+00 3.5186e-04 2.3215e-04
2.3152e+00 3.6166e-04 2.2898e-04
2.3154e+00 3.2238e-04 2.6451e-04
2.3157e+00 3.6513e-04 3.0317e-04
2.3160e+00 2.9770e-04 2.5885e-04
2.3162e+00 3.3730e-04 2.9749e-04
2.3165e+00 3.1135e-04 3.5130e-04
2.3167e+00 3.0843e-04 4.3856e-04
2.3170e+00 2.9865e-04 3.8159e-04
2.3173e+00 3.5758e-04 3.3851e-04
2.3175e+00 3.9306e-04 3.7417e-04
2.3178e+00 3.4600e-04 2.9451e-04
2.3181e+00 3.6199e-04 3.4889e-04
2.3183e+00 3.6551e-04 2.9311e-04
2.3186e+00 3.6148e-04 4.4516e-04
2.3189e+00 3.6698e-04 2.6696e-04
2.3191e+00 5.2569e-04 2.5939e-04
2.3194e+00 3.5943e-04 2.9981e-04
2.3197e+00 3.7585e-04 2.6281e-04
2.3199e+00 3.5144e-04 2.4538e-04
2.3202e+00 3.6093e-04 3.3622e-04
2.3204e+00 3.5643e-04 2.5256e-04
2.3207e+00 3.3157e-04 2.5489e-04
2.3210e+00 2.8976e-04 2.4116e-04
2.3212e+00 3.2557e-04 2.5228e-04
2.3215e+00 3.0064e-04 2.8038e-04
2.3218e+00 3.3299e-04 2.8340e-04
2.3220e+00 2.9511e-04 2.5718e-04
2.3223e+00 2.9380e-04 2.4134e-04
2.3226e+00 3.0454e-04 3.1942e-04
2.3228e+00 2.4615e-04 2.8808e-04
2.3231e+00 2.0006e-04 3.3240e-04
2.3234e+00 2.4966e-04 3.0084e-04
2.3236e+00 2.3932e-04 2.5216e-04
2.3239e+00 3.0341e-04 3.9343e-04
2.3241e+00 3.0447e-04 2.4913e-04
2.3244e+00 2.8887e-04 2.8730e-04
2.3247e+00 2.5315e-04 2.4869e-04
2.3249e+00 3.1283e-04 2.4071e-04
2.3252e+00 2.8866e-04 2.6033e-04
2.3255e+00 3.5941e-04 2.8381e-04
2.3257e+00 3.5902e-04 2.5291e-04
2.3260e+00 2.8098e-04 2.3538e-04
2.3263e+00 3.3609e-04 2.4837e-04
2.3265e+00 3.1297e-04 2.5357e-04
2.3268e+00 2.5884e-04 2.6160e-04
2.3271e+00 2.8701e-04 2.9583e-04
2.3273e+00 2.8127e-04 2.6099e-04
2.3276e+00 3.6821e-04 2.5131e-04
2.3278e+00 4.1581e-04 2.4175e-04
2.3281e+00 3.1689e-04 2.4720e-04
2.3284e+00 3.5264e-04 2.8054e-04
2.3286e+00 3.1674e-04 4.2820e-04
2.3289e+00 2.7593e-04 2.6146e-04
2.3292e+00 2.6387e-04 2.7547e-04
2.3294e+00 3.1071e-04 2.5395e-04
2.3297e+00 3.3901e-04 2.3293e-04
2.3300e+00 4.5402e-04 2.3351e-04
2.3302e+00 3.7015e-04 2.5103e-04
2.3305e+00 2.1357e-04 2.4364e-04
2.3308e+00 -1.3847e-04 2.5719e-04
2.3310e+00 2.8278e-04 2.5465e-04
2.3313e+00 2.7797e-04 2.8328e-04
2.3315e+00 3.4739e-04 2.8512e-04
2.3318e+00 4.3488e-04 2.7271e-04
2.3321e+00 3.8371e-04 2.5883e-04
2.3323e+00 3.1494e-04 2.9495e-04
2.3326e+00 3.5358e-04 2.3893e-04
2.3329e+00 4.5691e-04 2.4931e-04
2.3331e+00 3.4895e-04 2.4139e-04
2.3334e+00 3.3520e-04 2.3669e-04
2.3337e+00 3.2977e-04 2.4751e-04
2.3339e+00 3.1928e-04 2.7092e-04
2.3342e+00 3.7906e-04 2.5067e-04
2.3345e+00 3.6775e-04 2.7489e-04
2.3347e+00 3.1486e-04 2.4972e-04
2.3350e+00 3.6738e-04 2.8635e-04
2.3352e+00 3.5666e-04 2.7587e-04
2.3355e+00 2.2088e-04 2.4760e-04
2.3358e+00 2.6995e-04 2.8270e-04
2.3360e+00 3.0580e-04 2.7302e-04
2.3363e+00 3.7842e-04 2.7282e-04
2.3366e+00 3.9902e-04 3.6974e-04
2.3368e+00 3.7648e-04 2.7697e-04
2.3371e+00 3.6817e-04 2.6228e-04
2.3374e+00 3.3751e-04 2.4898e-04
2.3376e+00 3.7536e-04 2.4875e-04
2.3379e+00 3.6575e-04 3.2400e-04
2.3382e+00 3.2442e-04 2.7255e-04
2.3384e+00 3.4865e-04 3.3231e-04
2.3387e+00 2.9381e-04 3.1879e-04
2.3389e+00 3.3148e-04 2.7305e-04
2.3392e+00 3.2232e-04 2.5311e-04
2.3395e+00 3.4045e-04 2.6863e-04
2.3397e+00 4.1712e-04 3.2559e-04
2.3400e+00 4.4703e-04 3.3235e-04
2.3403e+00 3.9022e-04 3.1659e-04
2.3405e+00 3.5877e-04 3.0914e-04
2.3408e+00 3.8334e-04 2.6325e-04
2.3411e+00 3.5123e-04 3.0122e-04
2.3413e+00 3.5909e-04 6.0096e-04
2.3416e+00 3.9693e-04 3.1413e-04
2.3419e+00 2.2389e-04 2.7643e-04
2.3421e+00 2.0310e-04 3.2524e-04
2.3424e+00 4.1290e-04 2.5935e-04
2.3426e+00 3.6303e-04 2.5373e-04
2.3429e+00 2.1236e-04 2.5048e-04
2.3432e+00 1.4464e-04 2.6427e-04
2.3434e+00 2.3437e-04 2.8775e-04
2.3437e+00 3.2122e-04 2.8056e-04
2.3440e+00 3.1311e-04 2.6844e-04
2.3442e+00 3.2169e-04 2.9530e-04
2.3445e+00 2.6156e-04 2.8455e-04
2.3448e+00 1.9637e-04 2.9210e-04
2.3450e+00 2.3475e-04 2.9406e-04
2.3453e+00 2.7500e-04 3.6362e-04
2.3456e+00 3.1863e-04 2.9841e-04
2.3458e+00 3.7727e-04 2.8253e-04
2.3461e+00 4.2532e-04 3.3717e-04
2.3463e+00 5.9651e-04 2.7010e-04
2.3466e+00 5.5137e-04 9.7412e-04
2.3469e+00 3.0917e-04 3.2673e-04
2.3471e+00 2.9996e-04 2.7516e-04
2.3474e+00 3.6449e-04 3.0922e-04
2.3477e+00 4.3177e-04 2.9196e-04
2.3479e+00 2.5405e-04 3.2619e-04
2.3482e+00 9.8122e-05 3.4296e-04
2.3485e+00 2.1111e-04 3.5955e-04
2.3487e+00 4.3114e-04 2.9565e-04
2.3490e+00 4.2800e-04 7.0875e-04
2.3493e+00 4.1702e-04 3.1472e-04
2.3495e+00 3.0540e-04 2.9047e-04
2.3498e+00 2.8708e-04 3.3145e-04
2.3500e+00 6.3776e-04 3.2810e-04
2.3503e+00 9.0600e-04 3.5865e-04
2.3506e+00 3.8466e-04 3.6904e-04
2.3508e+00 3.5294e-04 3.6403e-04
2.3511e+00 4.0380e-04 3.1612e-04
2.3514e+00 4.5129e-04 3.1346e-04
2.3516e+00 4.0357e-04 3.6471e-04
2.3519e+00 3.7743e-04 3.8032e-04
2.3522e+00 2.0048e-04 3.2339e-04
2.3524e+00 3.3800e-04 5.1734e-04
2.3527e+00 3.0064e-04 3.4088e-04
2.3530e+00 2.5624e-04 2.8861e-04
2.3532e+00 3.4440e-04 3.1812e-04
2.3535e+00 2.4167e-04 3.5348e-04
2.3537e+00 2.1551e-04 3.0964e-04
2.3540e+00 2.7142e-04 3.5459e-04
2.3543e+00 4.8884e-04 2.9787e-04
2.3545e+00 6.5796e-04 1.1414e-03
2.3548e+00 4.2291e-04 3.3294e-04
2.3551e+00 3.3185e-04 3.3831e-04
2.3553e+00 3.4428e-04 2.8634e-04
2.3556e+00 4.0443e-04 4.5417e-04
2.3559e+00 3.0303e-04 3.7377e-04
2.3561e+00 3.1733e-04 3.6002e-04
2.3564e+00 3.2897e-04 3.0092e-04
2.3567e+00 3.0709e-04 3.1966e-04
2.3569e+00 3.2403e-04 2.9845e-04
2.3572e+00 2.4098e-04 3.2136e-04
2.3574e+00 3.7924e-04 7.7371e-04
2.3577e+00 3.4530e-04 2.9631e-04
2.3580e+00 3.2174e-04 3.5226e-04
2.3582e+00 3.4001e-04 4.8520e-04
2.3585e+00 3.8996e-04 3.8846e-04
2.3588e+00 2.6628e-04 4.2542e-04
2.3590e+00 3.7580e-04 3.3623e-04
2.3593e+00 3.1587e-04 3.9283e-04
2.3596e+00 2.9372e-04 3.0557e-04
2.3598e+00 3.0582e-04 2.7773e-04
2.3601e+00 4.1604e-04 3.0591e-04
2.3604e+00 3.7238e-04 2.9237e-04
2.3606e+00 2.9750e-04 2.8663e-04
2.3609e+00 2.8566e-04 3.0134e-04
2.3611e+00 2.4345e-04 3.2603e-04
2.3614e+00 3.9190e-04 3.2184e-04
2.3617e+00 4.4564e-04 3.5471e-04
2.3619e+00 4.2585e-04 3.0924e-04
2.3622e+00 4.4246e-04 3.2677e-04
2.3625e+00 3.2659e-04 2.9309e-04
2.3627e+00 3.6837e-04 2.9217e-04
2.3630e+00 3.1365e-04 3.1339e-04
2.3633e+00 2.3909e-04 3.1609e-04
2.3635e+00 2.2928e-04 2.9704e-04
2.3638e+00 1.3609e-04 3.1568e-04
2.3641e+00 3.4353e-04 3.4079e-04
2.3643e+00 3.3097e-04 3.8158e-04
2.3646e+00 3.8617e-04 3.4872e-04
2.3648e+00 4.7574e-04 3.1272e-04
2.3651e+00 4.4578e-04 2.9400e-04
2.3654e+00 3.3426e-04 2.9517e-04
2.3656e+00 3.6244e-04 4.0668e-04
2.3659e+00 3.3633e-04 3.7128e-04
2.3662e+00 3.7990e-04 3.1948e-04
2.3664e+00 3.5245e-04 3.3424e-04
2.3667e+00 3.5415e-04 2.8698e-04
2.3670e+00 4.0449e-04 3.1735e-04
2.3672e+00 3.6464e-04 3.9401e-04
2.3675e+00 3.6574e-04 4.1083e-04
2.3678e+00 3.5464e-04 3.5527e-04
2.3680e+00 2.4190e-04 3.2219e-04
2.3683e+00 4.2272e-04 3.0611e-04
2.3685e+00 3.7641e-04 3.1749e-04
2.3688e+00 3.2063e-04 3.7313e-04
2.3691e+00 3.2587e-04 3.7171e-04
2.3693e+00 3.5202e-04 3.9526e-04
2.3696e+00 3.9453e-04 3.1732e-04
2.3699e+00 3.3758e-04 3.4245e-04
2.3701e+00 3.7404e-04 4.3699e-04
2.3704e+00 4.7872e-04 5.6911e-04
2.3707e+00 3.0007e-04 5.8978e-04
2.3709e+00 3.8722e-04 5.2481e-04
2.3712e+00 3.1524e-04 5.6181e-04
2.3715e+00 1.8309e-04 6.9390e-04
2.3717e+00 1.3467e-04 4.6217e-04
2.3720e+00 2.5173e-04 4.6117e-04
2.3722e+00 2.0183e-04 3.6355e-04
2.3725e+00 1.9701e-04 3.7998e-04
2.3728e+00 3.8500e-04 4.0222e-04
2.3730e+00 2.4128e-04 3.3109e-04
2.3733e+00 2.8575e-04 3.2182e-04
2.3736e+00 4.1944e-04 3.3696e-04
2.3738e+00 3.3976e-04 3.2364e-04
2.3741e+00 3.5218e-04 3.0891e-04
2.3744e+00 3.3539e-04 3.0854e-04
2.3746e+00 -6.2414e-05 3.5816e-04
2.3749e+00 1.8958e-04 3.2646e-04
2.3752e+00 3.7835e-04 3.1801e-04
2.3754e+00 4.7419e-04 3.6798e-04
2.3757e+00 4.2885e-04 3.0031e-04
2.3759e+00 4.3466e-04 3.0872e-04
2.3762e+00 4.3237e-04 3.5608e-04
2.3765e+00 2.8304e-04 4.0635e-04
2.3767e+00 2.7332e-04 4.7105e-04
2.3770e+00 2.9752e-04 3.9569e-04
2.3773e+00 2.4287e-04 3.4820e-04
2.3775e+00 3.2741e-04 3.2905e-04
2.3778e+00 4.3911e-04 3.3746e-04
2.3781e+00 2.5495e-04 4.3644e-04
2.3783e+00 1.7542e-04 4.5965e-04
2.3786e+00 4.0729e-04 4.5149e-04
2.3789e+00 3.0489e-04 3.7211e-04
2.3791e+00 2.5087e-04 3.8360e-04
2.3794e+00 3.8225e-04 3.1660e-04
2.3796e+00 4.5337e-04 3.4180e-04
2.3799e+00 4.8733e-04 3.6576e-04
2.3802e+00 5.0443e-04 3.6867e-04
2.3804e+00 4.0822e-04 3.6834e-04
2.3807e+00 1.5424e-04 3.6097e-04
2.3810e+00 2.5296e-04 3.4502e-04
2.3812e+00 3.1149e-04 3.5520e-04
2.3815e+00 2.8264e-04 3.2483e-04
2.3818e+00 2.7456e-04 3.3219e-04
2.3820e+00 2.0692e-04 3.0808e-04
2.3823e+00 2.4015e-04 4.0014e-04
2.3826e+00 2.6098e-04 5.0520e-04
2.3828e+00 1.0276e-04 3.6165e-04
2.3831e+00 2.5665e-04 4.1015e-04
2.3833e+00 2.6196e-04 6.6427e-04
2.3836e+00 3.1461e-04 4.1162e-04
2.3839e+00 2.8064e-04 4.7268e-04
2.3841e+00 2.4841e-04 5.2421e-04
2.3844e+00 3.0627e-04 4.9114e-04
2.3847e+00 4.0067e-04 3.9080e-04
2.3849e+00 3.3369e-04 4.1458e-04
2.3852e+00 3.1270e-04 3.1922e-04
2.3855e+00 2.8456e-04 3.2965e-04
2.3857e+00 2.1647e-04 3.9594e-04
2.3860e+00 3.3001e-04 4.6031e-04
2.3863e+00 3.9241e-04 4.8388e-04
2.3865e+00 3.7111e-04 4.2916e-04
2.3868e+00 3.9643e-04 3.8866e-04
2.3870e+00 4.4185e-04 3.3259e-04
2.3873e+00 3.7001e-04 3.5523e-04
2.3876e+00 2.9921e-04 3.6215e-04
2.3878e+00 3.4454e-04 3.8374e-04
2.3881e+00 3.1760e-04 5.0346e-04
2.3884e+00 3.1036e-04 4.0437e-04
2.3886e+00 2.6768e-04 3.4456e-04
2.3889e+00 3.0363e-04 3.3018e-04
2.3892e+00 2.7563e-04 3.5966e-04
2.3894e+00 2.6232e-04 3.6827e-04
2.3897e+00 3.4458e-04 4.0938e-04
2.3900e+00 2.8693e-04 3.8069e-04
2.3902e+00 4.0142e-04 3.6680e-04
2.3905e+00 3.1029e-04 3.5071e-04
2.3907e+00 2.3384e-04 3.4889e-04
2.3910e+00 4.3897e-04 4.0463e-04
2.3913e+00 5.9808e-04 4.7187e-04
2.3915e+00 2.6165e-04 6.1407e-04
2.3918e+00 4.6729e-04 5.0096e-04
2.3921e+00 1.9384e-04 3.6445e-04
2.3923e+00 2.7863e-04 5.1453e-04
2.3926e+00 3.2471e-04 3.3298e-04
2.3929e+00 3.8277e-04 3.3798e-04
2.3931e+00 4.0315e-04 5.9702e-04
2.3934e+00 2.5623e-04 3.6027e-04
2.3937e+00 2.7042e-04 3.4725e-04
2.3939e+00 1.7336e-04 3.7051e-04
2.3942e+00 4.0807e-04 3.7816e-04
2.3944e+00 5.8650e-04 3.5834e-04
2.3947e+00 3.0550e-04 3.4798e-04
2.3950e+00 2.3476e-04 3.4398e-04
2.3952e+00 1.4252e-04 3.5366e-04
2.3955e+00 4.8797e-04 3.4569e-04
2.3958e+00 5.1137e-04 4.9472e-04
2.3960e+00 1.8785e-04 3.1788e-04
2.3963e+00 1.6703e-04 3.6131e-04
2.3966e+00 3.5963e-04 4.2176e-04
2.3968e+00 5.1008e-04 4.9871e-04
2.3971e+00 6.0316e-04 4.1780e-04
2.3974e+00 3.3232e-04 4.4973e-04
2.3976e+00 3.3884e-04 3.7144e-04
2.3979e+00 4.1063e-04 3.2787e-04
2.3981e+00 3.0549e-04 3.5304e-04
2.3984e+00 3.3954e-04 3.2177e-04
2.3987e+00 1.8747e-04 3.4501e-04
2.3989e+00 3.0483e-04 3.9856e-04
2.3992e+00 1.0256e-04 3.2268e-04
2.3995e+00 2.7724e-04 3.2518e-04
2.3997e+00 2.9467e-04 3.5308e-04
2.4000e+00 1.8890e-04 3.2697e-04
