Generated by GetData Graph Digitizer 2.26.0.20 on March 30 2019, 09:20
from file 'E:\eso_filter.jpg'

Line #1
 1.95215363511660e+000    1.34628710420998e-002
 1.95407407407407e+000    1.62487802808536e-002
 1.95599451303155e+000    1.88710501807104e-002
 1.95791495198903e+000    2.05114840471847e-002
 1.95996342021033e+000    2.68977281068410e-002
 1.96188385916781e+000    3.26291454457421e-002
 1.96380429812529e+000    3.54150546844959e-002
 1.96572473708276e+000    4.31101440901619e-002
 1.96764517604024e+000    5.37507415959751e-002
 1.96969364426155e+000    7.15917393784264e-002
 1.97161408321902e+000    7.91231894451953e-002
 1.97353452217650e+000    9.20547376955675e-002
 1.97545496113397e+000    1.16113760990941e-001
 1.97737540009145e+000    1.26427079818960e-001
 1.97942386831276e+000    1.50486372479500e-001
 1.98134430727023e+000    1.77654543213917e-001
 1.98326474622771e+000    1.46076191284286e-001
 1.98326474622771e+000    1.94513435597819e-001
 1.98518518518519e+000    2.29863573277090e-001
 1.98710562414266e+000    2.68322858395405e-001
 1.98915409236397e+000    2.88291167583518e-001
 1.99107453132144e+000    3.22495829890510e-001
 1.99299497027892e+000    3.62100590381105e-001
 1.99491540923640e+000    3.84686859626404e-001
 1.99696387745770e+000    4.25437364854445e-001
 2.00080475537266e+000    4.38045674904527e-001
 2.00080475537266e+000    5.01865017074384e-001
 2.00669410150892e+000    5.16441309033902e-001
 2.01053497942387e+000    5.88123420425826e-001
 2.01642432556013e+000    5.90754040645857e-001
 2.01834476451760e+000    5.90758081123360e-001
 2.02026520347508e+000    5.90762121600864e-001
 2.02218564243256e+000    5.87166096622632e-001
 2.02410608139003e+000    5.82424596272121e-001
 2.02615454961134e+000    5.80301594709129e-001
 2.02807498856882e+000    5.80469274525530e-001
 2.02999542752629e+000    5.81618790375313e-001
 2.03191586648377e+000    5.85386535647449e-001
 2.03396433470508e+000    5.87027238879091e-001
 2.03588477366255e+000    5.91940459523506e-001
 2.03780521262003e+000    5.98653712895790e-001
 2.03972565157750e+000    6.02094179490132e-001
 2.04164609053498e+000    6.11916580301460e-001
 2.04369455875629e+000    6.22393807833543e-001
 2.04561499771376e+000    6.27143389139062e-001
 2.04753543667124e+000    6.37293068628184e-001
 2.04945587562872e+000    6.49079141506277e-001
 2.05137631458619e+000    6.53010526117310e-001
 2.05342478280750e+000    6.67087819105128e-001
 2.05534522176497e+000    6.79201170661015e-001
 2.05726566072245e+000    6.87223538744476e-001
 2.05918609967993e+000    6.92627677405583e-001
 2.06110653863740e+000    7.01140963505734e-001
 2.06315500685871e+000    7.11945469715611e-001
 2.06507544581619e+000    7.15385936309953e-001
 2.06699588477366e+000    7.21117353648854e-001
 2.06891632373114e+000    7.25866934954373e-001
 2.07096479195245e+000    7.27998556202705e-001
 2.07288523090992e+000    7.32420858830430e-001
 2.07480566986740e+000    7.34061292696904e-001
 2.07672610882487e+000    7.34719890529996e-001
 2.07864654778235e+000    7.36851242413162e-001
 2.08069501600366e+000    7.38491945644803e-001
 2.08261545496113e+000    7.40459658189071e-001
 2.08453589391861e+000    7.41281895361060e-001
 2.08645633287609e+000    7.43740525922020e-001
 2.08837677183356e+000    7.46690074499671e-001
 2.09042524005487e+000    7.48003499053518e-001
 2.09234567901235e+000    7.50789408292272e-001
 2.09426611796982e+000    7.55211710919997e-001
 2.09618655692730e+000    7.57343062803162e-001
 2.09810699588477e+000    7.62583562125372e-001
 2.10015546410608e+000    7.68642527507234e-001
 2.10207590306356e+000    7.72246633440473e-001
 2.10399634202103e+000    7.77159854084889e-001
 2.10591678097851e+000    7.84854943490555e-001
 2.10796524919982e+000    7.92059384244697e-001
 2.10988568815729e+000    7.95499850839039e-001
 2.11180612711477e+000    8.00740350161249e-001
 2.11372656607224e+000    8.05980849483459e-001
 2.11564700502972e+000    8.07130365333242e-001
 2.11769547325103e+000    8.10407461953854e-001
 2.11961591220850e+000    8.13520649870402e-001
 2.12153635116598e+000    8.14833805059082e-001
 2.12345679012346e+000    8.16801517603350e-001
 2.12537722908093e+000    8.17623754775339e-001
 2.12742569730224e+000    8.18609900651392e-001
 2.12934613625972e+000    8.18613941128896e-001
 2.13126657521719e+000    8.18617981606400e-001
 2.13318701417467e+000    8.18622022083903e-001
 2.13510745313214e+000    8.18626062561407e-001
 2.13715592135345e+000    8.18630372404077e-001
 2.13907636031093e+000    8.18634412881581e-001
 2.14099679926840e+000    8.18802092697982e-001
 2.14291723822588e+000    8.19624329869971e-001
 2.14483767718336e+000    8.21264763736445e-001
 2.14688614540466e+000    8.23232745645880e-001
 2.14880658436214e+000    8.26182294223531e-001
 2.15072702331962e+000    8.30113678834565e-001
 2.15264746227709e+000    8.32081391378833e-001
 2.15469593049840e+000    8.37322160066210e-001
 2.15661636945588e+000    8.43053577405111e-001
 2.15853680841335e+000    8.45839486643865e-001
 2.16045724737083e+000    8.50261789271589e-001
 2.16237768632830e+000    8.55829567271594e-001
 2.16442615454961e+000    8.60743057281176e-001
 2.16634659350709e+000    8.63528966519930e-001
 2.16826703246456e+000    8.67296711792066e-001
 2.17018747142204e+000    8.71228096403100e-001
 2.17210791037952e+000    8.73195808947368e-001
 2.17415637860082e+000    8.76472905567980e-001
 2.17607681755830e+000    8.76804224723278e-001
 2.17799725651578e+000    8.77626461895267e-001
 2.17991769547325e+000    8.77466863033873e-001
 2.18183813443073e+000    8.76652706816892e-001
 2.18388660265203e+000    8.75347901948386e-001
 2.18580704160951e+000    8.72897352342433e-001
 2.18772748056699e+000    8.69137688025304e-001
 2.18964791952446e+000    8.67341695774940e-001
 2.19169638774577e+000    8.63909579500772e-001
 2.19361682670325e+000    8.60968111878128e-001
 2.19553726566072e+000    8.57699365577691e-001
 2.19745770461820e+000    8.56557930682915e-001
 2.19937814357567e+000    8.54271020415859e-001
 2.20142661179698e+000    8.52475297530662e-001
 2.20334705075446e+000    8.51988419991475e-001
 2.20526748971193e+000    8.50846985096699e-001
 2.20718792866941e+000    8.53141976318761e-001
 2.20910836762689e+000    8.54291492168545e-001
 2.21115683584819e+000    8.57895867466951e-001
 2.21307727480567e+000    8.61172694722396e-001
 2.21499771376315e+000    8.63467685944458e-001
 2.21691815272062e+000    8.67562709894389e-001
 2.21883859167810e+000    8.72312291199907e-001
 2.22088705989941e+000    8.77062141870593e-001
 2.22280749885688e+000    8.79193493753758e-001
 2.22472793781436e+000    8.84597632414865e-001
 2.22664837677183e+000    8.86892623636928e-001
 2.22869684499314e+000    8.88206048190775e-001
 2.23061728395062e+000    8.90664678751735e-001
 2.23253772290809e+000    8.91814194601518e-001
 2.23445816186557e+000    8.92309153095713e-001
 2.23637860082304e+000    8.92476832912114e-001
 2.23842706904435e+000    8.91990224738093e-001
 2.24034750800183e+000    8.91994265215597e-001
 2.24226794695930e+000    8.90525551643026e-001
 2.24418838591678e+000    8.88238641375971e-001
 2.24610882487426e+000    8.86115370447813e-001
 2.24815729309556e+000    8.85137844257101e-001
 2.25007773205304e+000    8.81378179939972e-001
 2.25199817101052e+000    8.77618515622843e-001
 2.25391860996799e+000    8.76640720066964e-001
 2.25583904892547e+000    8.73371973766526e-001
 2.25788751714678e+000    8.70103496831256e-001
 2.25980795610425e+000    8.68471143919788e-001
 2.26172839506173e+000    8.68802463075086e-001
 2.26364883401920e+000    8.69788339585972e-001
 2.26569730224051e+000    8.70938124800922e-001
 2.26761774119799e+000    8.75033148750853e-001
 2.26953818015546e+000    8.81255484106445e-001
 2.27145861911294e+000    8.83714114667405e-001
 2.27337905807042e+000    8.87154581261747e-001
 2.27542752629172e+000    8.91577153254638e-001
 2.27734796524920e+000    8.99272242660304e-001
 2.27926840420668e+000    9.02549069915749e-001
 2.28118884316415e+000    9.08444126593547e-001
 2.28310928212163e+000    9.16630134015905e-001
 2.28515775034294e+000    9.18925394603134e-001
 2.28707818930041e+000    9.27929598719977e-001
 2.28899862825789e+000    9.34151934075569e-001
 2.29091906721536e+000    9.36937843314323e-001
 2.29283950617284e+000    9.42669260653224e-001
 2.29488797439415e+000    9.45455439257145e-001
 2.29680841335162e+000    9.47423151801413e-001
 2.29872885230910e+000    9.51518175751344e-001
 2.30064929126658e+000    9.52994970278921e-001
 2.30269775948788e+000    9.53162919460488e-001
 2.30461819844536e+000    9.52021484565713e-001
 2.30653863740284e+000    9.49734574298657e-001
 2.30845907636031e+000    9.44174877253660e-001
 2.31037951531779e+000    9.41560688308811e-001
 2.31242798353909e+000    9.36983096662364e-001
 2.31434842249657e+000    9.32568874989646e-001
 2.31626886145405e+000    9.29954686044797e-001
 2.31818930041152e+000    9.26358661066565e-001
 2.32010973936900e+000    9.23580832782818e-001
 2.32215820759031e+000    9.21621470558724e-001
 2.32407864654778e+000    9.19334560291669e-001
 2.32599908550526e+000    9.19338600769172e-001
 2.32791952446273e+000    9.19833559263367e-001
 2.32983996342021e+000    9.23764943874400e-001
 2.33188843164152e+000    9.27042040495012e-001
 2.33380887059899e+000    9.31137064444943e-001
 2.33572930955647e+000    9.34413891700388e-001
 2.33764974851395e+000    9.40799866394877e-001
 2.33957018747142e+000    9.48331316461646e-001
 2.34161865569273e+000    9.65354117549612e-001
 2.34353909465021e+000    9.65521797366013e-001
 2.34545953360768e+000    9.67162231232487e-001
 2.34737997256516e+000    9.67329911048888e-001
 2.34942844078647e+000    9.66516024197073e-001
 2.35134887974394e+000    9.37719541028692e-001
 2.35326931870142e+000    9.35432630761637e-001
 2.35518975765889e+000    9.36582146611420e-001
 2.35711019661637e+000    9.48040940811718e-001
 2.35915866483768e+000    9.52954430821301e-001
 2.36107910379515e+000    9.74395224694321e-001
 2.36299954275263e+000    9.74399265171825e-001
 2.36491998171010e+000    9.70803240193593e-001
 2.36684042066758e+000    9.60988920337272e-001
 2.36888888888889e+000    9.26138050994867e-001
 2.37080932784636e+000    8.93086945015162e-001
 2.37272976680384e+000    8.86054493920092e-001
 2.37465020576132e+000    8.65439977696564e-001
 2.37657064471879e+000    7.94588184431636e-001
 2.37861911294010e+000    7.63337380544966e-001
 2.38053955189758e+000    7.07867685136363e-001
 2.38245999085505e+000    6.53216186422245e-001
 2.38438042981253e+000    6.20165080442540e-001
 2.38642889803384e+000    5.61586506960059e-001
 2.38834933699131e+000    3.81096356634094e-001
 2.38834933699131e+000    4.86971008900499e-001
 2.39026977594879e+000    4.24955739936012e-001
 2.39219021490626e+000    3.92886469989690e-001
 2.39411065386374e+000    3.43962348136970e-001
 2.39411065386374e+000    4.48527885692198e-001
 2.39615912208505e+000    2.97493085732872e-001
 2.39615912208505e+000    4.03858656015968e-001
 2.39807956104252e+000    2.71642110664638e-001
 2.39807956104252e+000    3.47898042590673e-001
 2.40000000000000e+000    2.36300053940375e-001
 2.40192043895748e+000    1.90485079526698e-001
 2.40384087791495e+000    1.21924237006329e-001
 2.40384087791495e+000    1.80507120331481e-001
 2.40384087791495e+000    2.43017347790162e-001
 2.40384087791495e+000    2.47271970601486e-001
 2.40588934613626e+000    1.54001857272826e-001
 2.40780978509374e+000    1.22750784020989e-001
 2.40973022405121e+000    1.09990956064521e-001
 2.41165066300869e+000    9.62492920746707e-002
 2.41357110196616e+000    8.26712674237175e-002
 2.41561957018747e+000    6.66389220544751e-002
 2.41754000914495e+000    6.05883069927871e-002
 2.41946044810242e+000    5.22467411865401e-002
 2.42138088705990e+000    4.50506507525726e-002
 2.42342935528121e+000    4.04730591061252e-002
 2.42534979423868e+000    3.36042473499518e-002
 2.42727023319616e+000    2.98445830328228e-002
 2.42919067215364e+000    2.75576727657675e-002
 2.43111111111111e+000    2.36343691097414e-002
 2.43315957933242e+000    1.98749741577793e-002
 2.43508001828990e+000    1.88971786019005e-002
 2.43700045724737e+000    1.67739076737422e-002
 2.43892089620485e+000    1.51415547622751e-002
 2.44084133516232e+000    1.44910378841905e-002
 2.44288980338363e+000    1.35135116934786e-002
 2.44481024234111e+000    1.23720767987027e-002
 2.44673068129858e+000    1.10670025650298e-002
 2.44865112025606e+000    1.09074037036364e-002
