File created automatically by script ./spectrum_reduce.py on 2020-21-28T09:01:39Z
Wav(um) Flux(10W/m/cm2) Error(W/m2)
1.9700e+00 1.5600e-04 3.3012e-04
1.9722e+00 1.6898e-04 2.4075e-04
1.9744e+00 1.5471e-04 1.6612e-04
1.9766e+00 1.4477e-04 1.1821e-04
1.9788e+00 1.5786e-04 9.9077e-05
1.9810e+00 1.8627e-04 8.3448e-05
1.9832e+00 1.7341e-04 7.0551e-05
1.9854e+00 1.7497e-04 6.9144e-05
1.9876e+00 1.7622e-04 6.6320e-05
1.9898e+00 1.8252e-04 6.3679e-05
1.9920e+00 1.8873e-04 6.1065e-05
1.9942e+00 1.9739e-04 6.2565e-05
1.9964e+00 2.1366e-04 7.2817e-05
1.9986e+00 2.3893e-04 9.3731e-05
2.0008e+00 3.0038e-04 1.3851e-04
2.0030e+00 2.3892e-04 1.8520e-04
2.0052e+00 1.4808e-04 1.8865e-04
2.0074e+00 1.1581e-04 1.4349e-04
2.0096e+00 2.0255e-04 1.2081e-04
2.0118e+00 2.7119e-04 1.3122e-04
2.0140e+00 1.7672e-04 1.3233e-04
2.0162e+00 1.8278e-04 1.2693e-04
2.0184e+00 1.8701e-04 1.1011e-04
2.0206e+00 2.2600e-04 8.9871e-05
2.0228e+00 2.2392e-04 7.9096e-05
2.0250e+00 2.1067e-04 6.9257e-05
2.0272e+00 2.0849e-04 6.4537e-05
2.0294e+00 2.2149e-04 6.2522e-05
2.0316e+00 2.0817e-04 5.9633e-05
2.0338e+00 2.3398e-04 5.7257e-05
2.0359e+00 2.3195e-04 5.8817e-05
2.0381e+00 2.1017e-04 5.8989e-05
2.0403e+00 2.1549e-04 5.9344e-05
2.0425e+00 2.2876e-04 6.2108e-05
2.0447e+00 2.3482e-04 6.5178e-05
2.0469e+00 2.2173e-04 6.6831e-05
2.0491e+00 2.3199e-04 7.7984e-05
2.0513e+00 2.4599e-04 8.2143e-05
2.0535e+00 2.1568e-04 9.1135e-05
2.0557e+00 1.8213e-04 9.1293e-05
2.0579e+00 1.8654e-04 8.2464e-05
2.0601e+00 2.3043e-04 7.5438e-05
2.0623e+00 2.1969e-04 7.5749e-05
2.0645e+00 2.3835e-04 8.5905e-05
2.0667e+00 2.2153e-04 8.1536e-05
2.0689e+00 2.3304e-04 8.2068e-05
2.0711e+00 2.2900e-04 7.3686e-05
2.0733e+00 2.2804e-04 6.7843e-05
2.0755e+00 2.1813e-04 6.3440e-05
2.0777e+00 2.2153e-04 6.3201e-05
2.0799e+00 2.3351e-04 5.8149e-05
2.0821e+00 2.0655e-04 5.9088e-05
2.0843e+00 2.2747e-04 5.7725e-05
2.0865e+00 2.1763e-04 5.9793e-05
2.0887e+00 1.9072e-04 5.6189e-05
2.0909e+00 2.4815e-04 5.8857e-05
2.0931e+00 1.8909e-04 5.7039e-05
2.0953e+00 1.8555e-04 5.8065e-05
2.0975e+00 2.0269e-04 5.6608e-05
2.0997e+00 2.3092e-04 5.7533e-05
2.1019e+00 2.2110e-04 5.7208e-05
2.1041e+00 2.2399e-04 5.6836e-05
2.1063e+00 2.0935e-04 5.6202e-05
2.1085e+00 2.3314e-04 5.8195e-05
2.1107e+00 2.5546e-04 5.9337e-05
2.1129e+00 2.5197e-04 5.8234e-05
2.1151e+00 2.6165e-04 5.9378e-05
2.1173e+00 2.4750e-04 5.8702e-05
2.1195e+00 2.6055e-04 5.8337e-05
2.1217e+00 2.5599e-04 5.9294e-05
2.1239e+00 2.8035e-04 6.0660e-05
2.1261e+00 2.2817e-04 6.1341e-05
2.1283e+00 2.4552e-04 6.1045e-05
2.1305e+00 2.7277e-04 6.1744e-05
2.1327e+00 2.8223e-04 6.3016e-05
2.1349e+00 2.8477e-04 6.4866e-05
2.1371e+00 2.5662e-04 6.1611e-05
2.1393e+00 2.8611e-04 6.3900e-05
2.1415e+00 3.0945e-04 6.2373e-05
2.1437e+00 3.0746e-04 6.4572e-05
2.1459e+00 3.3537e-04 6.5954e-05
2.1481e+00 2.9747e-04 6.4080e-05
2.1503e+00 3.0062e-04 6.4623e-05
2.1525e+00 3.0528e-04 6.3161e-05
2.1547e+00 3.1251e-04 6.5867e-05
2.1569e+00 3.1502e-04 6.3965e-05
2.1591e+00 3.1261e-04 6.7427e-05
2.1612e+00 3.5141e-04 7.0776e-05
2.1634e+00 3.9527e-04 7.1031e-05
2.1656e+00 3.7517e-04 7.8052e-05
2.1678e+00 3.8082e-04 7.6326e-05
2.1700e+00 3.7218e-04 6.7920e-05
2.1722e+00 3.4855e-04 7.0792e-05
2.1744e+00 3.3816e-04 6.9050e-05
2.1766e+00 3.1459e-04 7.1832e-05
2.1788e+00 3.4525e-04 7.2065e-05
2.1810e+00 3.3235e-04 7.2177e-05
2.1832e+00 3.1291e-04 7.4740e-05
2.1854e+00 3.3911e-04 7.8213e-05
2.1876e+00 3.0287e-04 8.0748e-05
2.1898e+00 3.1655e-04 8.7033e-05
2.1920e+00 3.2817e-04 8.6308e-05
2.1942e+00 3.6223e-04 9.0877e-05
2.1964e+00 3.6524e-04 1.0358e-04
2.1986e+00 3.5039e-04 1.1401e-04
2.2008e+00 3.6611e-04 1.2695e-04
2.2030e+00 3.9652e-04 1.2882e-04
2.2052e+00 3.6702e-04 1.1571e-04
2.2074e+00 3.3929e-04 1.2472e-04
2.2096e+00 3.8468e-04 1.2468e-04
2.2118e+00 3.6189e-04 1.2801e-04
2.2140e+00 3.7841e-04 1.2902e-04
2.2162e+00 3.4027e-04 1.2870e-04
2.2184e+00 3.1061e-04 1.2560e-04
2.2206e+00 2.9998e-04 1.2797e-04
2.2228e+00 3.4592e-04 1.2233e-04
2.2250e+00 3.4628e-04 1.2546e-04
2.2272e+00 3.4543e-04 1.2488e-04
2.2294e+00 3.2666e-04 1.1917e-04
2.2316e+00 3.5813e-04 1.1730e-04
2.2338e+00 3.5607e-04 1.1815e-04
2.2360e+00 3.4622e-04 1.2193e-04
2.2382e+00 3.7644e-04 1.1859e-04
2.2404e+00 3.5572e-04 1.1965e-04
2.2426e+00 3.5141e-04 1.1780e-04
2.2448e+00 3.4086e-04 1.1865e-04
2.2470e+00 3.6885e-04 1.1836e-04
2.2492e+00 3.5646e-04 1.1997e-04
2.2514e+00 3.3850e-04 1.1925e-04
2.2536e+00 3.6176e-04 1.1785e-04
2.2558e+00 3.1297e-04 1.2275e-04
2.2580e+00 3.3447e-04 1.2691e-04
2.2602e+00 3.5666e-04 1.2364e-04
2.2624e+00 3.4468e-04 1.2707e-04
2.2646e+00 3.3524e-04 1.3060e-04
2.2668e+00 3.8461e-04 1.2415e-04
2.2690e+00 3.6375e-04 1.3304e-04
2.2712e+00 3.4438e-04 1.3277e-04
2.2734e+00 3.6823e-04 1.2409e-04
2.2756e+00 3.6573e-04 1.2868e-04
2.2778e+00 3.5817e-04 1.2743e-04
2.2800e+00 3.8945e-04 1.2657e-04
2.2822e+00 4.0609e-04 1.2831e-04
2.2844e+00 4.1760e-04 1.2894e-04
2.2866e+00 4.1580e-04 1.2509e-04
2.2887e+00 4.0169e-04 1.2659e-04
2.2909e+00 3.9345e-04 1.2885e-04
2.2931e+00 3.7250e-04 1.2304e-04
2.2953e+00 3.5676e-04 1.2501e-04
2.2975e+00 3.9842e-04 1.2651e-04
2.2997e+00 4.0332e-04 1.2626e-04
2.3019e+00 4.1998e-04 1.2412e-04
2.3041e+00 4.0124e-04 1.2002e-04
2.3063e+00 3.9637e-04 1.1770e-04
2.3085e+00 4.0698e-04 1.1071e-04
2.3107e+00 4.0366e-04 1.0972e-04
2.3129e+00 4.0253e-04 1.0968e-04
2.3151e+00 4.3650e-04 1.0843e-04
2.3173e+00 4.5765e-04 1.2982e-04
2.3195e+00 3.9262e-04 1.2039e-04
2.3217e+00 3.4403e-04 1.1107e-04
2.3239e+00 3.6731e-04 1.1851e-04
2.3261e+00 3.5222e-04 1.1149e-04
2.3283e+00 3.7462e-04 1.1255e-04
2.3305e+00 4.0133e-04 1.1699e-04
2.3327e+00 3.7418e-04 1.1481e-04
2.3349e+00 3.9387e-04 1.1970e-04
2.3371e+00 4.2708e-04 1.1759e-04
2.3393e+00 4.4185e-04 1.2591e-04
2.3415e+00 4.5141e-04 1.2558e-04
2.3437e+00 4.3246e-04 1.2063e-04
2.3459e+00 4.5535e-04 1.3289e-04
2.3481e+00 4.2879e-04 1.3684e-04
2.3503e+00 4.8682e-04 1.3274e-04
2.3525e+00 4.3680e-04 1.4246e-04
2.3547e+00 4.0795e-04 1.3656e-04
2.3569e+00 4.1378e-04 1.3559e-04
2.3591e+00 4.0375e-04 1.4230e-04
2.3613e+00 3.8742e-04 1.3426e-04
2.3635e+00 3.4907e-04 1.3262e-04
2.3657e+00 3.5621e-04 1.3884e-04
2.3679e+00 4.0890e-04 1.4570e-04
2.3701e+00 3.6799e-04 1.6475e-04
2.3723e+00 3.5163e-04 1.6206e-04
2.3745e+00 3.4121e-04 1.4513e-04
2.3767e+00 3.4733e-04 1.4887e-04
2.3789e+00 3.9055e-04 1.4280e-04
2.3811e+00 4.0258e-04 1.4297e-04
2.3833e+00 3.7235e-04 1.5660e-04
2.3855e+00 3.6899e-04 1.5094e-04
2.3877e+00 3.4640e-04 1.4712e-04
2.3899e+00 3.6459e-04 1.5617e-04
2.3921e+00 3.6951e-04 1.5239e-04
2.3943e+00 4.0534e-04 1.4954e-04
2.3965e+00 3.7113e-04 1.5229e-04
2.3987e+00 3.6497e-04 1.4929e-04
2.4009e+00 3.3992e-04 1.4883e-04
2.4031e+00 3.4999e-04 1.5868e-04
2.4053e+00 3.4647e-04 1.6354e-04
2.4075e+00 3.5817e-04 1.7146e-04
2.4097e+00 3.5599e-04 1.6688e-04
2.4119e+00 3.7430e-04 1.6542e-04
2.4141e+00 3.6675e-04 1.7862e-04
2.4162e+00 2.8858e-04 1.9459e-04
2.4184e+00 3.3960e-04 1.9334e-04
2.4206e+00 3.9034e-04 1.9468e-04
2.4228e+00 3.1515e-04 1.8725e-04
2.4250e+00 3.4708e-04 1.9490e-04
2.4272e+00 3.6931e-04 1.9043e-04
2.4294e+00 3.5913e-04 1.9200e-04
2.4316e+00 4.1920e-04 2.0248e-04
2.4338e+00 4.0589e-04 2.2845e-04
2.4360e+00 2.8407e-04 2.4024e-04
2.4382e+00 3.0276e-04 2.1693e-04
2.4404e+00 4.3094e-04 2.1428e-04
2.4426e+00 3.9033e-04 2.2249e-04
2.4448e+00 4.0762e-04 2.3616e-04
2.4470e+00 4.0957e-04 2.5426e-04
2.4492e+00 3.9821e-04 2.6939e-04
2.4514e+00 2.9400e-04 2.7569e-04
2.4536e+00 3.3071e-04 2.5712e-04
2.4558e+00 3.6607e-04 2.6311e-04
2.4580e+00 3.3064e-04 2.5715e-04
2.4602e+00 3.3923e-04 2.5302e-04
2.4624e+00 2.7845e-04 2.7936e-04
2.4646e+00 3.6827e-04 2.6044e-04
2.4668e+00 3.3769e-04 2.6023e-04
2.4690e+00 3.0733e-04 2.7462e-04
2.4712e+00 2.3518e-04 3.0801e-04
2.4734e+00 3.1591e-04 3.2533e-04
2.4756e+00 2.2736e-04 2.8025e-04
2.4778e+00 1.1518e-04 2.9823e-04
2.4800e+00 1.1587e-04 3.3340e-04
